#PC0: 2.08734e+06 / 2.19647e+06 = 0.950314
#PC1: 56006.2 / 2.19647e+06 = 0.0254982
#PC2: 25787.2 / 2.19647e+06 = 0.0117403
#PC3: 9531.2 / 2.19647e+06 = 0.00433932
#PC4: 5646.63 / 2.19647e+06 = 0.00257077
#PC5: 3011.57 / 2.19647e+06 = 0.0013711
#PC6: 2055.88 / 2.19647e+06 = 0.000935993
#PC7: 1784.36 / 2.19647e+06 = 0.000812373
#PC8: 1222.79 / 2.19647e+06 = 0.000556704
#PC9: 1013.83 / 2.19647e+06 = 0.00046157
#PC10: 500.317 / 2.19647e+06 = 0.000227782
#PC11: 472.707 / 2.19647e+06 = 0.000215212
#PC12: 391.472 / 2.19647e+06 = 0.000178227
#PC13: 325.773 / 2.19647e+06 = 0.000148316
#PC14: 300.826 / 2.19647e+06 = 0.000136959
#PC15: 272.237 / 2.19647e+06 = 0.000123943
#PC16: 253.474 / 2.19647e+06 = 0.0001154
#PC17: 250.794 / 2.19647e+06 = 0.00011418
#PC18: 164.818 / 2.19647e+06 = 7.50377e-05
#PC19: 98.0569 / 2.19647e+06 = 4.46429e-05
#PC20: 28.7519 / 2.19647e+06 = 1.309e-05
#PC21: 9.84173 / 2.19647e+06 = 4.4807e-06
#PC22: 2.96299 / 2.19647e+06 = 1.34897e-06
idpar_scale PC0 PC1 PC2 PC3 PC4 PC5 PC6 PC7 PC8 PC9 PC10 PC11 PC12 PC13 PC14 PC15 PC16 PC17 PC18 PC19 PC20 PC21 PC22 Mean
-1 0 0 0 0 0 0 0 0 0 0 0 0 0 0 0 0 0 0 0 0 0 0 0 0
-1 -5.28013e-05 -9.97977e-06 3.01304e-05 5.84575e-07 -1.40872e-05 -3.74707e-06 -2.69527e-05 6.47888e-05 -1.49831e-05 -5.48786e-05 3.1142e-05 -4.81093e-05 -1.16038e-06 0.000110227 6.13821e-05 6.35655e-05 -1.24193e-05 -0.000113458 -1.35248e-05 6.29376e-05 6.79524e-05 1.63485e-05 -0.00099074 -0.103511
-1 -7.25751e-05 -1.4403e-05 3.28798e-05 2.18933e-06 -1.75747e-05 -4.90381e-06 -3.28861e-05 7.61036e-05 -1.83456e-05 -6.91655e-05 4.11554e-05 -6.01274e-05 3.35067e-06 0.000118532 7.12418e-05 7.12693e-05 -1.55262e-05 -0.000138258 -1.45868e-05 8.24306e-05 8.54199e-05 2.52308e-05 -0.00133224 -0.140367
-1025.72 -0.114751 -0.0329734 -0.0138544 0.0172782 -0.00367175 -0.000648372 0.000849258 -0.0136211 -0.000789772 0.00570469 0.00458093 0.0053324 -0.00131842 -0.0142353 -0.00180042 -0.00219369 0.000423817 -0.000309263 -0.000300679 -0.00290879 -0.0020924 5.6657e-05 -0.0877881 -174.379
-1035 -0.0184326 0.1835 -0.316842 -0.0187377 0.0230848 -0.0934832 0.272754 -0.00465019 -0.881216 -0.0229253 -0.00692038 0.00867473 0.0641155 -0.00350231 -0.00251018 -0.00906468 -0.00244182 -0.00246535 0.00104189 -0.000227196 0.00477002 0.0058536 0.00144687 -287.4
-1215.67 -0.115783 -0.0328589 -0.0128679 0.016656 -0.00310642 -0.000645906 0.000387101 -0.0125876 -0.00123678 0.00503107 0.00479825 0.00436036 -0.00068427 -0.0140965 -0.000522147 -0.00114156 0.000156946 -8.53604e-05 -0.000186011 -0.00143991 -6.97632e-05 0.0012078 -0.0788127 -173.188
-1240 -0.101233 0.141654 0.115621 -0.377584 0.212225 0.0135019 0.00370634 0.0716468 -0.000680581 -0.0577272 0.732562 0.227772 0.0011944 0.246557 0.0385996 -0.0271701 0.0027846 0.328485 -0.00159184 0.00125671 -0.000178015 0.000165469 -0.0158285 -192.243
-1397 -0.114388 -0.0294053 -0.0111202 0.00884512 0.000927571 0.000997479 0.000579306 -0.0103974 0.000266489 0.00525573 -0.00394662 0.00190372 -0.000256853 -0.00716015 -0.000937831 -0.0017913 0.000187776 0.00812221 0.000138127 -0.0021541 5.39774e-05 -0.00218235 0.130723 -174.847
-1406 -0.113867 -0.0263635 -0.00783668 0.00776825 0.00309726 0.00290912 -0.00271658 -0.0166255 -0.0012829 0.00431265 -0.00544061 0.00219171 0.00276762 -0.00568867 0.00215133 -0.00465546 -0.00112321 0.0114229 -0.00143725 0.00416969 0.00578576 -0.00471191 0.205907 -175.485
-1486 -0.113521 -0.0227127 -0.0055703 0.00325735 0.00445804 0.00328247 -0.00373158 -0.0209145 -0.001658 0.00450381 0.00265984 0.00679241 0.0036074 -0.00445632 0.00273812 -0.00474798 -0.000695599 0.0133978 -0.00154015 0.00485925 0.00612063 -0.0044912 0.180795 -175.927
-1549 -0.114404 -0.0260644 -0.00833901 0.00573751 0.0025325 0.000987118 -0.000532553 -0.0147889 -0.000445382 0.00440583 0.00710571 0.00738478 -0.000177312 -0.00754427 0.000360498 -0.00261958 -0.000750992 0.00830009 -0.000308558 -0.00183871 0.00107191 -0.00214007 0.0679409 -174.866
-1640.43 -0.114145 -0.0265851 -0.0113122 0.0117092 -0.000901837 -0.000586891 -0.000331717 -0.0161591 -0.00159568 0.00445862 0.00376731 0.00479993 0.00182369 -0.0112344 0.00170267 -0.00218899 -0.000419986 0.00363991 0.000448034 -0.00252145 0.00116389 0.00288809 -0.011625 -175.15
-1750 -0.114355 -0.0295777 -0.0101513 0.0115869 -0.00186511 0.00126391 -0.00247018 -0.0159298 -0.000763149 0.00443193 5.66272e-05 0.00337262 0.00177861 -0.00910781 -0.000620125 -0.00119627 -2.77123e-05 0.0065656 -0.00147844 0.00468644 0.00314654 -0.00361345 0.0726638 -174.881
-1860 -0.114705 -0.0328573 -0.0137365 0.0178854 -0.00458757 0.000618848 0.00074789 -0.0131802 0.000496073 0.00502976 0.00504131 0.00535578 -0.00163148 -0.0143224 -0.00209323 -0.00174101 0.000126856 -0.00103744 -2.41211e-05 -0.00243514 -0.00270137 -0.00220553 -0.0935461 -174.434
-1909 -0.114879 -0.0301889 -0.010546 0.0139238 -0.00292191 0.00118237 -0.00250695 -0.018197 -0.000756439 0.00472841 0.000991132 0.00469922 0.0016785 -0.009381 -0.00107206 -0.00246578 -0.000148189 0.00745212 -0.00184433 0.0059511 0.00411424 0.000264704 0.0762049 -174.266
-2320.95 -0.11418 -0.0274478 -0.0082876 0.00738138 0.000531337 0.00170817 -0.00305329 -0.0176555 -0.000883829 0.00527053 -0.00583556 0.0029542 0.002627 -0.000658798 -0.000559257 -0.00215649 3.56912e-05 0.0122914 -0.00222711 0.00750826 0.00649291 0.000956231 0.229499 -175.112
-2335 -0.114355 -0.031823 -0.0125541 0.0156415 -0.00513447 0.000546275 -0.000757398 -0.0132825 0.000335551 0.00461379 0.00400754 0.00437725 -0.000117367 -0.0123557 -0.00228574 -7.30872e-05 4.51588e-05 0.00253622 -0.000180168 0.00143695 -0.000328761 0.00023727 -0.0313787 -174.852
-2665 -0.114735 -0.0319143 -0.0123661 0.0156342 -0.00429806 0.000608078 -0.000924031 -0.0147384 1.8543e-05 0.00509841 0.00310563 0.00494027 -0.000313726 -0.0118714 -0.00237077 -0.0014521 0.000246858 0.00349579 -0.00116259 0.00218538 0.000237806 -0.000179122 -0.00907126 -174.412
-2798 -0.114888 -0.0327511 -0.0134426 0.016924 -0.00573556 0.000288336 0.000233901 -0.0129872 0.000597027 0.00484074 0.00555576 0.00486179 -0.00133901 -0.0141067 -0.00275817 -9.83183e-05 0.000148801 -0.000173892 -0.000191864 -0.00106551 -0.00260898 -0.00260835 -0.0891471 -174.223
-3426.03 -0.0722348 0.347474 0.130828 0.310684 0.160179 0.45506 0.0262528 0.00271088 -0.00755528 0.0022426 -0.0144052 0.180087 -0.0095138 0.0809323 -0.38267 -0.56701 -0.00984594 -0.139259 0.00409792 -0.00177335 -0.000641958 0.000194763 -0.00153562 -227.123
-3726.03 -0.115053 -0.0323555 -0.0129525 0.0139075 -0.00388975 0.000516732 0.000320843 -0.0115777 0.000806507 0.00585016 0.00152179 0.00414915 -0.00153402 -0.0125069 -0.00379366 -0.000445527 0.000317279 0.00516165 -0.000432675 0.000111177 -0.00109007 0.00128633 0.0235301 -174.041
-3728.81 -0.115098 -0.0323609 -0.0129507 0.0139134 -0.00388429 0.000522103 0.000311562 -0.0116124 0.000802053 0.00585876 0.0015011 0.00415768 -0.00152581 -0.0124986 -0.00379351 -0.000461364 0.000316653 0.00518932 -0.000434621 0.000128967 -0.0010757 0.00129793 0.0240847 -173.989
-3868.76 -0.114592 -0.0261535 -0.00770974 0.00250686 0.0021541 0.00151899 -0.00142677 -0.0152489 2.44706e-05 0.00634643 -0.00997178 0.00174641 0.00192083 -0.00468737 -0.00211513 -0.00228438 6.63527e-05 0.0191538 -0.000672066 0.00458559 0.00399021 -0.00018046 0.350819 -174.653
-3888.63 -0.114885 -0.031619 -0.0119552 0.0135424 -0.00187733 -0.000417331 0.000300172 -0.0113584 -0.00107288 0.00437544 0.0035834 0.0028615 0.000529621 -0.0120773 -2.82171e-05 -0.000366338 0.00014655 0.0018382 6.10487e-05 0.000130682 0.00171066 0.00120444 -0.0307861 -174.245
-3933.66 -0.113764 -0.0327064 -0.0135525 0.0167493 -0.00569317 0.000231819 0.00133166 -0.0094202 0.00116589 0.00380371 0.00682142 0.003554 -0.00129256 -0.0147564 -0.00180264 0.00113638 -0.000141572 -0.0027894 0.00129158 -0.00247704 -0.00285044 -0.00202448 -0.132027 -175.527
-4068.6 -0.114528 -0.0322352 -0.0131833 0.0148869 -0.00449177 0.000564018 0.000302149 -0.0110566 0.000851986 0.00513393 0.00305959 0.00394255 -0.00104388 -0.0130948 -0.00293025 -5.20079e-05 0.000131893 0.00295135 0.000127301 -0.000531919 -0.00142966 0.000776966 -0.019997 -174.648
-4074 -0.114569 -0.0322394 -0.0131819 0.0148697 -0.00447738 0.00056653 0.000303515 -0.011054 0.000852093 0.00514178 0.00302585 0.00393551 -0.00104466 -0.0131076 -0.0029348 -6.13439e-05 0.000132231 0.00299767 0.000127723 -0.0005324 -0.00142543 0.000784199 -0.0189916 -174.601
-4076.35 -0.11436 -0.0321505 -0.0131313 0.0147483 -0.0044107 0.000577949 0.000303231 -0.0110003 0.000853331 0.00515052 0.00288339 0.00388935 -0.00104301 -0.0131137 -0.00294494 -9.10931e-05 0.000131285 0.00317409 0.000127789 -0.000518616 -0.00140014 0.000806296 -0.0148608 -174.844
-4101.73 -0.115094 -0.0327442 -0.0129482 0.0163601 -0.00326306 -0.000584989 0.000509586 -0.0123262 -0.00102941 0.00511001 0.00466994 0.00430517 -0.000835705 -0.0139404 -0.000876026 -0.00102505 0.000210707 3.58287e-05 -0.000214463 -0.00146573 -0.000392215 0.00107272 -0.0769272 -173.987
-4340.46 -0.115184 -0.0327647 -0.0129375 0.0164099 -0.00324899 -0.000604036 0.000494422 -0.0123533 -0.00106375 0.00509339 0.00471471 0.00431237 -0.00080748 -0.0139482 -0.000821988 -0.00102356 0.00020473 -1.53448e-05 -0.000210043 -0.001459 -0.000343877 0.00110744 -0.0779153 -173.883
-4685.64 -0.113715 -0.026016 -0.0116132 0.0131483 0.000144481 0.000738039 -0.000103052 -0.016843 -0.00176914 0.00470165 0.00345206 0.00548999 0.00174758 -0.0115391 0.00206815 -0.00421432 -0.000460352 0.00240799 0.000533874 -0.00267754 0.000816131 0.00289367 -0.0208347 -175.651
-4724.17 -0.110475 -0.00105672 0.00561414 -0.0301909 0.0334514 0.0136023 -0.00529734 -0.0119801 -0.00441824 0.0235508 -0.201113 -0.0320442 0.0122107 0.90631 0.11341 0.13933 -0.000103234 -0.298122 0.0051824 -0.00296238 -0.000894043 0.00014126 -0.021259 -179.73
-4740.12 -0.113941 -0.0253282 -0.00736204 0.00255623 0.00256405 0.00191354 -0.00236501 -0.0144213 -0.000344168 0.00532537 -0.00937516 0.000886202 0.00297415 -0.00480241 -0.000163717 -0.00201032 -0.000193221 0.0179102 -0.000709883 0.00470321 0.00509569 -0.000139218 0.328915 -175.415
-4861.33 -0.11529 -0.0327666 -0.0129068 0.0163218 -0.00319068 -0.000594043 0.000472016 -0.0123023 -0.00107503 0.00508585 0.00460118 0.00424069 -0.000758643 -0.0138476 -0.000781887 -0.000979745 0.000195329 4.5335e-05 -0.000208195 -0.00134761 -0.000232629 0.00122275 -0.0759603 -173.76
-4958.91 -0.11493 -0.0284128 -0.00949949 0.00666552 0.000149529 0.00131382 -0.00124103 -0.0126018 0.000100355 0.00497996 -0.00451602 0.00163964 0.00166686 -0.0041125 -0.00112513 -0.000261818 3.6958e-05 0.0106858 -0.000577121 0.00374518 0.00339973 -0.000709594 0.191977 -174.233
-5006.84 -0.11509 -0.0284596 -0.00952001 0.0066921 0.000143019 0.00131283 -0.00123881 -0.0126221 9.99081e-05 0.0049889 -0.00450713 0.00164892 0.00166477 -0.00413203 -0.00112833 -0.000264154 3.79917e-05 0.0106831 -0.000576647 0.00373812 0.00339452 -0.000709434 0.191785 -174.047
-5200.26 -0.114192 -0.0327822 -0.0140188 0.0157474 -0.00613635 3.83582e-05 0.00129332 -0.00745537 0.00134189 0.00407839 0.00709598 0.00298655 -0.000218001 -0.0152531 -0.0015539 0.00340743 -0.000277198 -0.00278646 0.00257894 -0.00266761 -0.00284968 -0.000442287 -0.14173 -175.03
-5577.34 -0.113988 -0.0311667 -0.0122949 0.0139923 -0.00426053 0.000888035 -0.000507521 -0.0116011 0.000585504 0.00499931 0.00167541 0.0033077 0.000448154 -0.0128513 -0.00205891 0.00011058 -0.000164542 0.00483889 0.000826728 0.00122307 5.174e-05 0.00163434 0.0241292 -175.287
-5754.61 -0.11425 -0.0323298 -0.0134721 0.0137261 -0.0043342 0.000316977 0.000987473 -0.0100216 0.0012172 0.00583037 0.00245166 0.00386369 -0.00088134 -0.0131296 -0.00348075 0.00103837 0.000214534 0.003699 0.00112384 -0.00117014 -0.00164926 0.00208839 -0.0107984 -174.971
-5875.64 -0.114887 -0.0316467 -0.0120237 0.0134141 -0.0019003 -0.000445915 0.000439071 -0.0110025 -0.00098436 0.00435956 0.00360902 0.00274078 0.000535403 -0.012069 -4.38971e-05 -0.000162551 0.00013941 0.00178278 0.000218904 -2.56185e-05 0.00165734 0.00142115 -0.0323042 -174.242
-6300 -0.114589 -0.0319118 -0.012959 0.0147943 -0.00475698 0.000676803 8.28202e-05 -0.00999653 0.000810179 0.00463002 0.00354708 0.00320698 -2.5252e-05 -0.013643 -0.00177629 0.000976281 -0.000199752 0.00213895 0.00121277 -0.000243019 -0.000954901 0.000900653 -0.0327328 -174.582
-6363.78 -0.114381 -0.031851 -0.0129324 0.0147598 -0.00474853 0.000678086 7.99436e-05 -0.0099701 0.000810761 0.00461842 0.00353554 0.00319493 -2.25457e-05 -0.0136177 -0.00177214 0.000979311 -0.000201092 0.00214243 0.00121215 -0.000233863 -0.000948146 0.000900444 -0.0324834 -174.823
-6562.81 -0.115443 -0.0328238 -0.0129435 0.0163969 -0.00321748 -0.000615528 0.00050012 -0.0122879 -0.00107562 0.00507236 0.00470407 0.00425473 -0.000761826 -0.0139462 -0.000764094 -0.000963918 0.000191081 -5.21198e-05 -0.000170482 -0.00143353 -0.000274689 0.00119376 -0.0783979 -173.582
-6583.45 -0.114869 -0.0333862 -0.014534 0.0147346 -0.00517681 -3.91938e-05 0.00204264 -0.00721612 0.00169531 0.00535466 0.00495659 0.00350391 -0.00174844 -0.0147295 -0.00339024 0.00247602 0.000150623 -9.71017e-05 0.00192433 -0.00383945 -0.0035997 0.00110732 -0.090666 -174.241
-6716.44 -0.114917 -0.0327297 -0.0136896 0.0151985 -0.00480387 0.000409372 0.000867851 -0.00952924 0.00111406 0.0049468 0.00407241 0.00368878 -0.00147143 -0.0140781 -0.00292293 0.000639601 9.94935e-05 0.00142917 0.000589281 -0.00192826 -0.00244863 0.000221944 -0.0519237 -174.192
-6720 -0.115 -0.0327573 -0.0137037 0.0152126 -0.00480951 0.000406207 0.000873713 -0.0095307 0.00111591 0.00495001 0.00408457 0.00369236 -0.00147694 -0.0140943 -0.00292706 0.000642565 0.000100772 0.00141755 0.00058988 -0.00194068 -0.00245917 0.000214782 -0.0522419 -174.096
-6730.82 -0.114877 -0.0327258 -0.0136926 0.0151926 -0.00480748 0.000403488 0.000878183 -0.00950324 0.00111899 0.00494131 0.00408754 0.00368362 -0.00148111 -0.0140873 -0.00292788 0.0006498 0.000100962 0.00140634 0.000589965 -0.00194667 -0.00246539 0.000205305 -0.0523782 -174.239
-7005.83 -0.103202 0.122378 0.108887 -0.382519 0.248322 0.0442764 0.00114567 0.132264 -0.000858905 0.0191624 -0.0696599 -0.0185406 0.00128006 -0.202348 0.00298826 0.0777842 -0.00259902 -0.424212 0.000177225 0.0010397 0.000911052 2.24914e-05 0.0169002 -189.793
-7135.79 -0.114763 -0.0310455 -0.011872 0.0114532 -0.00291252 0.000670909 -0.000138707 -0.00989365 0.000672584 0.00427807 0.00142192 0.00209582 0.000517222 -0.0120147 -0.00206026 0.000652658 8.15039e-05 0.00543 9.61063e-05 0.00173893 0.000780063 -6.78429e-05 0.0456997 -174.393
-7332.15 -0.113081 -0.024267 -0.00625122 0.00200985 0.00340331 0.0022315 -0.00364891 -0.0174855 -0.00101917 0.00568496 -0.0118946 0.00133956 0.0035425 -0.00334418 -0.000135612 -0.00372314 -0.000174445 0.0210563 -0.00197083 0.00721215 0.00708722 0.000782653 0.401809 -176.423
-7751.11 -0.114552 -0.0309839 -0.011845 0.0114183 -0.00290396 0.000672208 -0.000141617 -0.00986685 0.000673178 0.00426631 0.00141022 0.0020836 0.000519964 -0.011989 -0.00205606 0.000655731 8.01467e-05 0.00543353 9.54859e-05 0.00174821 0.000786904 -6.80551e-05 0.0459525 -174.638
-8446 -0.114036 -0.0331986 -0.0146987 0.0170427 -0.00527551 -4.10101e-05 0.00148588 -0.00990093 0.000922674 0.00486056 0.00604294 0.00462692 -0.00183327 -0.0145365 -0.00245734 -0.000437885 0.000406914 -0.00188074 0.000642907 -0.0038315 -0.0040157 -0.00125914 -0.119676 -175.205
-8498.02 -0.112933 -0.0324978 -0.0134693 0.0165205 -0.00563446 0.000223556 0.0013657 -0.00901636 0.00119382 0.00375762 0.00688418 0.00343143 -0.00127828 -0.0146659 -0.00173784 0.00130199 -0.000155759 -0.00282199 0.00133946 -0.00248586 -0.00281914 -0.00195007 -0.132764 -176.491
-8542.09 -0.113253 -0.0325913 -0.0135102 0.0165735 -0.00564744 0.000221584 0.00137013 -0.00905698 0.00119293 0.00377545 0.00690192 0.00344995 -0.00128244 -0.0147048 -0.00174422 0.00129734 -0.000153699 -0.00282735 0.00134041 -0.00249994 -0.00282952 -0.00194975 -0.133148 -176.12
-8662.14 -0.113149 -0.0324843 -0.013326 0.0164236 -0.00555276 0.000254021 0.00119303 -0.00924616 0.00109034 0.00373526 0.00680026 0.00341902 -0.00129812 -0.0146737 -0.00168062 0.00129212 -0.000208593 -0.00261698 0.00110487 -0.00219365 -0.00257146 -0.00204935 -0.128222 -176.242
-9068.62 -0.114954 -0.0323636 -0.0130473 0.0142533 -0.00426015 0.000465075 0.000353684 -0.00967774 0.000815728 0.00478536 0.0031688 0.00320269 -0.001135 -0.013381 -0.00249739 0.000644675 0.000118526 0.00245314 6.84018e-05 -0.000470992 -0.00117264 0.000542127 -0.0231866 -174.156
-9530.62 -0.115089 -0.0324031 -0.0130646 0.0142757 -0.00426564 0.000464243 0.000355549 -0.0096949 0.000815348 0.00479289 0.0031763 0.00321051 -0.00113676 -0.0133975 -0.00250008 0.000642708 0.000119395 0.00245088 6.88006e-05 -0.000476934 -0.00117702 0.000542263 -0.0233485 -173.999
-9545.93 -0.114799 -0.0326659 -0.0129214 0.016239 -0.00325426 -0.000593307 0.000545897 -0.01211 -0.000999199 0.00506397 0.00466129 0.00420419 -0.000805369 -0.0138796 -0.000851898 -0.000898423 0.000197082 -3.51394e-05 -0.00015049 -0.00146417 -0.000379705 0.00115199 -0.0778691 -174.329
-10830.3 -0.115003 -0.0317005 -0.0120222 0.0137386 -0.00197752 -0.000453274 0.000367313 -0.0114377 -0.00106768 0.00438696 0.00396396 0.00302884 0.000368853 -0.0128736 -0.000149856 -0.00055904 0.000145804 0.00200255 7.7474e-05 -0.000242243 0.00121995 0.000367665 -0.031754 -174.106
-18751 -0.115113 -0.0327692 -0.0129695 0.0162893 -0.00327235 -0.000617024 0.000580202 -0.0120372 -0.000995944 0.00504988 0.00473563 0.0041782 -0.000784526 -0.0138926 -0.000813067 -0.000817212 0.000188448 -0.000168319 -9.6361e-05 -0.00150999 -0.000370083 0.00122546 -0.0806864 -173.965
-12818 -0.115015 -0.0327371 -0.0129514 0.0163023 -0.0032695 -0.000613629 0.000560967 -0.012097 -0.00100848 0.00505505 0.00473349 0.00420734 -0.000794034 -0.0139071 -0.000821744 -0.000865531 0.000192816 -0.000128166 -0.000123284 -0.00150136 -0.000371782 0.00118883 -0.0799401 -174.078
-10938 -0.11493 -0.0327111 -0.0129458 0.0162691 -0.00327243 -0.000598603 0.000557297 -0.0121017 -0.00099409 0.00506458 0.00469767 0.00420795 -0.000807921 -0.0138924 -0.000851973 -0.000879261 0.000196539 -7.99366e-05 -0.0001386 -0.001484 -0.00038834 0.00116067 -0.0789289 -174.178
-10049.3 -0.11486 -0.0326871 -0.0129335 0.0162557 -0.00326379 -0.000595647 0.000551267 -0.0121106 -0.000996934 0.00506567 0.00467844 0.0042088 -0.000809185 -0.0138874 -0.00085427 -0.000893494 0.000197504 -5.35904e-05 -0.000146313 -0.00147604 -0.00038532 0.00115517 -0.0783278 -174.259
-40511.3 -0.114892 -0.0327298 -0.0129813 0.016266 -0.00330615 -0.000624873 0.000621731 -0.0119318 -0.00096288 0.00503344 0.00478971 0.00416021 -0.000801524 -0.0139059 -0.00083204 -0.000764485 0.000187461 -0.000247376 -5.79607e-05 -0.00158076 -0.000435882 0.00120892 -0.0824376 -174.221
-26251.3 -0.114817 -0.0327025 -0.0129665 0.0162404 -0.00330113 -0.000613672 0.000609155 -0.0119478 -0.00096054 0.00503781 0.00475756 0.00416071 -0.00080569 -0.0138892 -0.0008468 -0.000781229 0.00018954 -0.000200958 -7.53529e-05 -0.00155101 -0.000431439 0.00119243 -0.0814068 -174.308
-21655.1 -0.114749 -0.0326766 -0.0129499 0.0162258 -0.00328997 -0.000609516 0.000597482 -0.0119642 -0.000966492 0.00503848 0.00473431 0.00416192 -0.000804438 -0.0138786 -0.000847189 -0.000798577 0.000190386 -0.000168045 -8.77351e-05 -0.00153152 -0.000419433 0.00118851 -0.0806404 -174.387
-19445.4 -0.11469 -0.0326546 -0.0129361 0.0162112 -0.00328032 -0.000606551 0.000589058 -0.0119711 -0.00097057 0.00503734 0.00471629 0.00415986 -0.000801218 -0.0138686 -0.000845304 -0.000807889 0.000190374 -0.000145804 -9.5491e-05 -0.00151538 -0.00040989 0.00118569 -0.0800989 -174.457
-76431.8 -0.0136962 0.158255 -0.330953 -0.066584 -0.048726 0.0327243 0.0928606 -0.00226559 0.167939 0.00599214 -0.000229189 -0.000674451 -0.154755 0.0023648 0.00134481 0.00152155 0.00834539 -0.00228403 -0.0108664 0.0450331 0.804049 -0.384128 -0.0140338 -292.67
-73170.6 -0.11402 -0.0267351 -0.00919663 0.00431957 0.000317774 0.00132114 0.000779931 -0.0117788 0.00113227 0.00545704 -0.00344006 0.00216669 0.000582944 -0.00702913 -0.00112193 -0.000376166 -3.25827e-05 0.0113503 0.00138194 -0.000429207 0.000579884 -0.00110038 0.16253 -175.305
-90309.8 -0.104419 0.104959 0.0939047 -0.345704 0.233242 0.045771 0.00444091 0.157741 3.57132e-05 0.0306991 -0.549622 -0.213053 -0.0053877 0.0695062 -0.0425125 -0.153794 0.0032508 0.620696 -0.00142723 -0.000196982 -0.000928857 0.000263243 -0.0651732 -188.184
-86183.6 -0.0132139 0.153058 -0.320803 -0.0651228 -0.0480685 0.0340618 0.0714279 -0.00172443 0.169341 0.00564896 0.00153313 -0.00261274 0.0311007 -0.00166095 0.00328007 -0.000556106 -0.0114387 0.00216202 0.0310208 -0.889652 -0.0730024 0.179769 0.0219138 -293.197
-44871.2 -0.111926 -0.0208646 -0.0140763 0.0209459 -0.000622852 0.0057277 0.000944039 -0.00645435 -0.000148138 0.00452308 0.00499605 0.00399844 0.000341112 -0.0131912 -0.00264494 0.000538456 -0.000458543 -0.000990978 0.000647894 -0.00309863 -0.00439552 0.000678881 -0.096245 -177.761
-56070 -0.0533409 0.317287 -0.0297107 0.370998 0.516444 -0.681173 -0.107718 0.00569533 0.121879 0.0237593 -0.00463615 -0.00169708 -0.00129394 -0.00341506 -0.00791745 -0.00431581 -9.6519e-05 -0.00301188 7.98708e-05 -0.000510759 0.000660235 -0.000283567 0.00113322 -248.427
-29045 -0.110319 -0.0229711 -0.0209798 0.0104885 -0.00168038 -0.0016969 0.00050802 -0.00631545 -0.00176002 0.00320082 0.00299565 0.00131126 -0.000345745 -0.0103474 -0.00133836 0.00211494 -0.000526434 0.00271787 -0.00171273 0.00413121 -0.00426231 0.0067661 0.00321855 -179.6
-36593.2 -0.0136046 0.156774 -0.326956 -0.0651577 -0.0472037 0.0302448 0.107214 -0.00246615 0.167739 0.00592592 -0.000627525 -0.000357923 -0.20884 0.00300401 0.00153277 0.00275743 0.0135172 -0.00272441 -0.0125518 0.281087 -0.0676844 0.441922 0.00159872 -292.769
-91132.9 -0.0135602 0.156264 -0.325893 -0.0649468 -0.0470523 0.0301533 0.106778 -0.00245713 0.167169 0.0059061 -0.000626261 -0.000356819 -0.208086 0.00299496 0.00152456 0.00274569 0.0134745 -0.00271762 -0.0125829 0.28029 -0.0675112 0.440263 0.00193097 -292.817
-19624.7 -0.0882455 0.257279 0.178461 -0.171797 -0.239092 -0.171356 -0.0167974 -0.494897 0.0160495 -0.56588 0.0523283 -0.416881 -0.00546111 0.0103009 -0.0778566 -0.157372 -0.00281783 -0.068286 0.0015628 -0.000325499 -0.000401017 8.30713e-05 -0.0131424 -208.173
-9914 -0.00530252 0.0649932 -0.144555 -0.0365027 -0.035781 0.0646752 -0.643794 0.00848436 -0.153065 -0.0029387 0.00163563 0.00378203 -0.183493 -0.00544066 0.00659564 0.00460591 -0.0473426 0.0060637 0.702807 0.00831993 0.00040411 6.06405e-05 -0.000775382 -301.875
-69833.7 -0.114505 -0.0342035 -0.0152606 0.0161918 -0.00486026 0.000121375 0.00247966 -0.00691084 0.0017717 0.00568011 0.00546261 0.00431953 -0.00376996 -0.0145927 -0.00425385 0.00146981 0.000347245 -0.00194986 0.000644251 -0.00582916 -0.00531285 0.000185614 -0.127082 -174.653
-89889.8 -0.114779 -0.0320025 -0.0130115 0.012577 -0.00396806 0.000293871 0.00109502 -0.0071067 0.00126475 0.00371352 0.00463198 0.00185284 -0.000248032 -0.0126699 -0.00175424 0.00247572 9.20399e-06 0.000808806 0.00120897 -0.00101005 -0.000884018 -0.000494539 -0.0554632 -174.363
-78997.1 -0.103389 0.122184 0.108325 -0.38435 0.248805 0.0441629 0.00309966 0.136488 9.27883e-05 0.0191931 -0.0694178 -0.019659 0.000103488 -0.203246 0.00286537 0.0797386 -0.00268583 -0.426108 0.00194683 -0.00258799 -0.00105425 -0.000182026 -0.00855098 -189.577
-45280 -0.0704321 0.347805 0.120578 0.327365 0.193912 0.46546 0.0308878 -0.0544178 -0.0126193 -0.198297 0.00205524 -0.114376 0.00825411 -0.0943216 0.391352 0.51077 0.00905988 0.135583 -0.00407458 0.00153375 0.00042273 -0.000104228 -0.0049487 -229.19
-32061 -0.113058 -0.0250857 -0.00867427 0.00551886 0.00129938 0.00251618 7.36931e-05 -0.0120766 0.000620864 0.00409161 0.00223358 0.00372685 0.00207806 -0.00845167 0.000674801 -0.00223611 -0.000388445 0.0115664 0.00174096 -7.6971e-05 0.00176461 -0.000240976 0.055847 -176.434
-41573.9 -0.0858003 0.303338 0.195794 -0.0388771 -0.334922 -0.131661 -0.00274934 0.00538827 -0.00191672 0.255087 -0.0815015 0.206387 0.00112463 -0.0564868 0.687364 -0.373764 -0.00415405 -0.0367123 -0.00237479 0.00159724 -0.000195347 -1.77852e-05 -0.00758539 -211.358
-23211.7 -0.00636815 0.0775911 -0.171489 -0.0423245 -0.0405633 0.0693534 -0.65254 0.00819073 -0.13525 -0.00215152 0.000581972 0.00160661 -0.0332166 -0.000755376 -0.00145273 -0.00475154 0.240552 -0.00299279 -0.672618 -0.0206486 -0.00322036 0.0102215 -0.00810346 -300.71
-23111.9 -0.105012 0.0484648 0.0221983 0.151394 -0.258271 -0.0893846 0.00650898 0.819992 0.00947059 -0.392541 0.0885547 -0.213438 -0.00172341 0.0329044 0.00269196 -0.0678869 -0.0011398 -0.0429472 0.000171317 0.000906137 0.000662514 -0.00021104 0.0247675 -186.437
-17150.9 -0.0859153 0.293922 0.188943 -0.0678334 -0.337996 -0.158273 -0.00621077 0.0129951 0.0111762 -0.138166 -0.237376 0.615252 0.00575088 -0.0141646 -0.342758 0.383715 0.00499336 0.0851749 -0.000181229 -0.00188039 -7.22753e-05 9.36644e-05 -0.00732307 -211.161
-13037.6 -0.013719 0.157867 -0.328712 -0.0651695 -0.0469402 0.0296203 0.104617 -0.00237766 0.15748 0.00565603 -0.000350688 -0.000396938 -0.212609 0.00254731 0.00205874 0.00281542 0.0140542 -0.00183503 -0.0159835 0.100074 -0.581084 -0.655805 0.0107977 -292.642
-10106.5 -0.0116888 0.137455 -0.292538 -0.063009 -0.0501316 0.0487365 -0.0988725 0.000527227 0.163179 0.00494604 0.00152574 -0.00596709 0.892472 -0.00867569 -0.00624419 -0.0114129 -0.0799508 0.00370588 0.0870737 0.194356 -0.0287928 -0.0228522 -0.0115841 -294.88
-7968.49 -0.000857117 0.0105738 -0.023618 -0.00606919 -0.00608744 0.0114619 -0.118936 0.0016197 -0.0311725 -0.000422577 0.000176127 0.000249276 -0.083783 0.00134888 0.00201083 0.013983 -0.965638 0.00748026 -0.210358 -0.00140552 -0.00099143 0.00176354 -0.00225088 -306.72
-1660.81 -0.114269 -0.0276796 -0.00824255 0.00958936 4.24379e-05 0.00188332 -0.00378791 -0.0202851 -0.00151403 0.00506623 -0.00388576 0.00405508 0.00213041 -0.00169899 -1.70124e-07 -0.00315134 2.60891e-05 0.00994131 -0.0031501 0.00706971 0.00507037 -0.00451985 0.173103 -175.004
-1666.15 -0.114427 -0.0277254 -0.0082632 0.00961485 3.53721e-05 0.00188194 -0.00378418 -0.0203048 -0.00151349 0.00507526 -0.0038767 0.00406401 0.00213044 -0.0017183 -3.32719e-06 -0.00315237 2.66831e-05 0.00993908 -0.00314686 0.00706246 0.0050654 -0.00451782 0.172904 -174.821
-1218.34 -0.0828857 0.315937 0.185736 0.0312694 -0.278127 -0.0297085 0.00357847 0.0474603 -0.0271602 0.627473 0.188994 -0.462406 -0.00125009 0.0232509 -0.296269 0.210674 0.00282051 0.0237083 0.00125258 -0.000222454 0.000135973 1.2899e-05 0.00269208 -214.777
-1892.03 -0.114527 -0.0317537 -0.0118449 0.0172594 -0.00435405 0.00102627 -0.00214205 -0.0171808 -0.000802213 0.00473289 0.00345871 0.00555575 -0.0011599 -0.0127033 -0.00199551 -0.00286703 0.000128796 0.00207419 -0.00281971 0.00237688 -0.000147578 -0.00418565 -0.0297495 -174.654
