# wavelength(micron) K_lam
    0.0912000      19.3985
    0.0962000      16.8980
     0.101200      14.9435
     0.106200      13.4020
     0.111200      12.1766
     0.116200      11.1961
     0.121200      10.4073
     0.126200      9.77036
     0.131200      9.25490
     0.136200      8.83785
     0.141200      8.50165
     0.146200      8.23298
     0.151200      8.02197
     0.156200      7.86162
     0.161200      7.74749
     0.166200      7.67761
     0.171200      7.65181
     0.176200      7.66495
     0.181200      7.72330
     0.186200      7.83916
     0.191200      8.02702
     0.196200      8.29935
     0.201200      8.65464
     0.206200      9.05395
     0.211200      9.39707
     0.216200      9.54309
     0.221200      9.40606
     0.226200      9.03229
     0.231200      8.54975
     0.236200      8.06824
     0.241200      7.64201
     0.246200      7.28436
     0.251200      6.98978
     0.256200      6.74725
     0.261200      6.54587
     0.266200      6.37654
     0.271200      6.22914
     0.276200      6.08907
     0.281200      5.96164
     0.286200      5.84520
     0.291200      5.73834
     0.296200      5.63985
     0.301200      5.54864
     0.306200      5.46378
     0.311200      5.38447
     0.316200      5.31001
     0.321200      5.23976
     0.326200      5.17319
     0.331200      5.10984
     0.336200      5.04929
     0.341200      4.99118
     0.346200      4.93520
     0.351200      4.88108
     0.356200      4.82856
     0.361200      4.77745
     0.366200      4.72756
     0.371200      4.67874
     0.376200      4.63083
     0.381200      4.58372
     0.386200      4.53731
     0.391200      4.49149
     0.396200      4.44620
     0.401200      4.40136
     0.406200      4.35691
     0.411200      4.31281
     0.416200      4.26896
     0.421200      4.22520
     0.426200      4.18136
     0.431200      4.13726
     0.436200      4.09280
     0.441200      4.04787
     0.446200      4.00236
     0.451200      3.95621
     0.456200      3.90935
     0.461200      3.86174
     0.466200      3.81333
     0.471200      3.76413
     0.476200      3.71435
     0.481200      3.66424
     0.486200      3.61404
     0.491200      3.56396
     0.496200      3.51418
     0.501200      3.46487
     0.506200      3.41617
     0.511200      3.36821
     0.516200      3.32110
     0.521200      3.27495
     0.526200      3.22982
     0.531200      3.18580
     0.536200      3.14295
     0.541200      3.10133
     0.546200      3.06097
     0.551200      3.02190
     0.556200      2.98404
     0.561200      2.94725
     0.566200      2.91143
     0.571200      2.87647
     0.576200      2.84228
     0.581200      2.80877
     0.586200      2.77587
     0.591200      2.74349
     0.596200      2.71159
     0.601200      2.68009
     0.606200      2.64895
     0.611200      2.61819
     0.616200      2.58779
     0.621200      2.55776
     0.626200      2.52811
     0.631200      2.49883
     0.636200      2.46993
     0.641200      2.44140
     0.646200      2.41324
     0.651200      2.38546
     0.656200      2.35805
     0.661200      2.33101
     0.666200      2.30434
     0.671200      2.27803
     0.676200      2.25208
     0.681200      2.22650
     0.686200      2.20127
     0.691200      2.17640
     0.696200      2.15188
     0.701200      2.12770
     0.706200      2.10387
     0.711200      2.08038
     0.716200      2.05722
     0.721200      2.03439
     0.726200      2.01190
     0.731200      1.98972
     0.736200      1.96787
     0.741200      1.94633
     0.746200      1.92511
     0.751200      1.90419
     0.756200      1.88358
     0.761200      1.86326
     0.766200      1.84325
     0.771200      1.82352
     0.776200      1.80408
     0.781200      1.78492
     0.786200      1.76604
     0.791200      1.74743
     0.796200      1.72910
     0.801200      1.71103
     0.806200      1.69323
     0.811200      1.67568
     0.816200      1.65839
     0.821200      1.64135
     0.826200      1.62455
     0.831200      1.60800
     0.836200      1.59169
     0.841200      1.57562
     0.846200      1.55977
     0.851200      1.54416
     0.856200      1.52877
     0.861200      1.51360
     0.866200      1.49865
     0.871200      1.48391
     0.876200      1.46939
     0.881200      1.45507
     0.886200      1.44095
     0.891200      1.42704
     0.896200      1.41333
     0.901200      1.39981
     0.906200      1.38648
     0.911200      1.37334
     0.916200      1.36038
     0.921200      1.34761
     0.926200      1.33502
     0.931200      1.32261
     0.936200      1.31036
     0.941200      1.29829
     0.946200      1.28639
     0.951200      1.27466
     0.956200      1.26309
     0.961200      1.25167
     0.966200      1.24042
     0.971200      1.22932
     0.976200      1.21838
     0.981200      1.20758
     0.986200      1.19694
     0.991200      1.18644
     0.996200      1.17608
      1.00120      1.16587
      1.00620      1.15579
      1.01120      1.14585
      1.01620      1.13605
      1.02120      1.12637
      1.02620      1.11683
      1.03120      1.10742
      1.03620      1.09813
      1.04120      1.08897
      1.04620      1.07993
      1.05120      1.07101
      1.05620      1.06221
      1.06120      1.05353
      1.06620      1.04496
      1.07120      1.03651
      1.07620      1.02817
      1.08120      1.01993
      1.08620      1.01181
      1.09120      1.00379
      1.09620     0.995876
      1.10120     0.988066
      1.10620     0.980358
      1.11120     0.972749
      1.11620     0.965240
      1.12120     0.957827
      1.12620     0.950510
      1.13120     0.943287
      1.13620     0.936157
      1.14120     0.929118
      1.14620     0.922170
      1.15120     0.915310
      1.15620     0.908537
      1.16120     0.901851
      1.16620     0.895249
      1.17120     0.888731
      1.17620     0.882294
      1.18120     0.875939
      1.18620     0.869664
      1.19120     0.863468
      1.19620     0.857349
      1.20120     0.851306
      1.20620     0.845339
      1.21120     0.839445
      1.21620     0.833625
      1.22120     0.827877
      1.22620     0.822200
      1.23120     0.816592
      1.23620     0.811053
      1.24120     0.805582
      1.24620     0.800176
      1.25120     0.794836
      1.25620     0.789560
      1.26120     0.784347
      1.26620     0.779195
      1.27120     0.774105
      1.27620     0.769074
      1.28120     0.764103
      1.28620     0.759190
      1.29120     0.754333
      1.29620     0.749533
      1.30120     0.744788
      1.30620     0.740097
      1.31120     0.735460
      1.31620     0.730876
      1.32120     0.726343
      1.32620     0.721861
      1.33120     0.717430
      1.33620     0.713048
      1.34120     0.708715
      1.34620     0.704429
      1.35120     0.700191
      1.35620     0.696000
      1.36120     0.691854
      1.36620     0.687753
      1.37120     0.683696
      1.37620     0.679684
      1.38120     0.675714
      1.38620     0.671787
      1.39120     0.667901
      1.39620     0.664057
      1.40120     0.660253
      1.40620     0.656489
      1.41120     0.652765
      1.41620     0.649079
      1.42120     0.645432
      1.42620     0.641822
      1.43120     0.638250
      1.43620     0.634714
      1.44120     0.631214
      1.44620     0.627750
      1.45120     0.624321
      1.45620     0.620926
      1.46120     0.617566
      1.46620     0.614239
      1.47120     0.610945
      1.47620     0.607685
      1.48120     0.604456
      1.48620     0.601259
      1.49120     0.598093
      1.49620     0.594959
      1.50120     0.591855
      1.50620     0.588780
      1.51120     0.585736
      1.51620     0.582721
      1.52120     0.579735
      1.52620     0.576777
      1.53120     0.573847
      1.53620     0.570946
      1.54120     0.568071
      1.54620     0.565224
      1.55120     0.562403
      1.55620     0.559608
      1.56120     0.556840
      1.56620     0.554097
      1.57120     0.551379
      1.57620     0.548687
      1.58120     0.546019
      1.58620     0.543375
      1.59120     0.540756
      1.59620     0.538160
      1.60120     0.535587
      1.60620     0.533038
      1.61120     0.530511
      1.61620     0.528007
      1.62120     0.525526
      1.62620     0.523066
      1.63120     0.520628
      1.63620     0.518211
      1.64120     0.515816
      1.64620     0.513441
      1.65120     0.511087
      1.65620     0.508754
      1.66120     0.506440
      1.66620     0.504147
      1.67120     0.501873
      1.67620     0.499619
      1.68120     0.497384
      1.68620     0.495168
      1.69120     0.492970
      1.69620     0.490792
      1.70120     0.488631
      1.70620     0.486489
      1.71120     0.484364
      1.71620     0.482257
      1.72120     0.480167
      1.72620     0.478095
      1.73120     0.476040
      1.73620     0.474002
      1.74120     0.471980
      1.74620     0.469975
      1.75120     0.467986
      1.75620     0.466013
      1.76120     0.464056
      1.76620     0.462115
      1.77120     0.460189
      1.77620     0.458279
      1.78120     0.456384
      1.78620     0.454504
      1.79120     0.452639
      1.79620     0.450788
      1.80120     0.448952
      1.80620     0.447130
      1.81120     0.445323
      1.81620     0.443530
      1.82120     0.441751
      1.82620     0.439985
      1.83120     0.438233
      1.83620     0.436494
      1.84120     0.434769
      1.84620     0.433056
      1.85120     0.431357
      1.85620     0.429671
      1.86120     0.427998
      1.86620     0.426337
      1.87120     0.424688
      1.87620     0.423052
      1.88120     0.421428
      1.88620     0.419816
      1.89120     0.418216
      1.89620     0.416628
      1.90120     0.415052
      1.90620     0.413487
      1.91120     0.411934
      1.91620     0.410392
      1.92120     0.408861
      1.92620     0.407341
      1.93120     0.405833
      1.93620     0.404335
      1.94120     0.402848
      1.94620     0.401371
      1.95120     0.399906
      1.95620     0.398450
      1.96120     0.397006
      1.96620     0.395571
      1.97120     0.394146
      1.97620     0.392731
      1.98120     0.391327
      1.98620     0.389932
      1.99120     0.388547
      1.99620     0.387171
      2.00120     0.385805
      2.00620     0.384449
      2.01120     0.383102
      2.01620     0.381764
      2.02120     0.380435
      2.02620     0.379115
      2.03120     0.377805
      2.03620     0.376503
      2.04120     0.375210
      2.04620     0.373926
      2.05120     0.372650
      2.05620     0.371383
      2.06120     0.370125
      2.06620     0.368875
      2.07120     0.367633
      2.07620     0.366400
      2.08120     0.365175
      2.08620     0.363957
      2.09120     0.362748
      2.09620     0.361547
      2.10120     0.360353
      2.10620     0.359168
      2.11120     0.357990
      2.11620     0.356820
      2.12120     0.355657
      2.12620     0.354502
      2.13120     0.353354
      2.13620     0.352214
      2.14120     0.351081
      2.14620     0.349955
      2.15120     0.348837
      2.15620     0.347725
      2.16120     0.346621
      2.16620     0.345523
      2.17120     0.344433
      2.17620     0.343349
      2.18120     0.342272
      2.18620     0.341202
      2.19120     0.340138
      2.19620     0.339082
      2.20120     0.338031
      2.20620     0.336987
      2.21120     0.335950
      2.21620     0.334919
      2.22120     0.333894
      2.22620     0.332876
      2.23120     0.331864
      2.23620     0.330858
      2.24120     0.329858
      2.24620     0.328864
      2.25120     0.327876
      2.25620     0.326894
      2.26120     0.325918
      2.26620     0.324948
      2.27120     0.323984
      2.27620     0.323025
      2.28120     0.322072
      2.28620     0.321125
      2.29120     0.320183
      2.29620     0.319247
      2.30120     0.318316
      2.30620     0.317391
      2.31120     0.316472
      2.31620     0.315557
      2.32120     0.314648
      2.32620     0.313744
      2.33120     0.312846
      2.33620     0.311953
      2.34120     0.311064
      2.34620     0.310181
      2.35120     0.309303
      2.35620     0.308430
      2.36120     0.307562
      2.36620     0.306700
      2.37120     0.305841
      2.37620     0.304988
      2.38120     0.304140
      2.38620     0.303296
      2.39120     0.302457
      2.39620     0.301623
      2.40120     0.300793
      2.40620     0.299968
      2.41120     0.299148
      2.41620     0.298332
      2.42120     0.297521
      2.42620     0.296715
      2.43120     0.295912
      2.43620     0.295115
      2.44120     0.294321
      2.44620     0.293532
      2.45120     0.292747
      2.45620     0.291966
      2.46120     0.291190
      2.46620     0.290418
      2.47120     0.289650
      2.47620     0.288887
      2.48120     0.288127
      2.48620     0.287371
      2.49120     0.286620
      2.49620     0.285872
      2.50120     0.285129
      2.50620     0.284389
      2.51120     0.283653
      2.51620     0.282922
      2.52120     0.282194
      2.52620     0.281470
      2.53120     0.280750
      2.53620     0.280034
      2.54120     0.279321
      2.54620     0.278612
      2.55120     0.277907
      2.55620     0.277205
      2.56120     0.276507
      2.56620     0.275813
      2.57120     0.275122
      2.57620     0.274435
      2.58120     0.273751
      2.58620     0.273071
      2.59120     0.272395
      2.59620     0.271721
      2.60120     0.271052
      2.60620     0.270385
      2.61120     0.269722
      2.61620     0.269063
      2.62120     0.268406
      2.62620     0.267754
      2.63120     0.267104
      2.63620     0.266457
      2.64120     0.265814
      2.64620     0.265174
      2.65120     0.264538
      2.65620     0.263904
      2.66120     0.263273
      2.66620     0.262646
      2.67120     0.262022
      2.67620     0.261401
      2.68120     0.260782
      2.68620     0.260167
      2.69120     0.259555
      2.69620     0.258946
      2.70120     0.258340
      2.70620     0.257737
      2.71120     0.257137
      2.71620     0.256539
      2.72120     0.255945
      2.72620     0.255353
      2.73120     0.254764
      2.73620     0.254178
      2.74120     0.253595
      2.74620     0.253015
      2.75120     0.252437
      2.75620     0.251862
      2.76120     0.251290
      2.76620     0.250720
      2.77120     0.250153
      2.77620     0.249589
      2.78120     0.249027
      2.78620     0.248469
      2.79120     0.247912
      2.79620     0.247359
      2.80120     0.246807
      2.80620     0.246259
      2.81120     0.245713
      2.81620     0.245169
      2.82120     0.244628
      2.82620     0.244089
      2.83120     0.243553
      2.83620     0.243020
      2.84120     0.242488
      2.84620     0.241959
      2.85120     0.241433
      2.85620     0.240909
      2.86120     0.240387
      2.86620     0.239868
      2.87120     0.239351
      2.87620     0.238836
      2.88120     0.238323
      2.88620     0.237813
      2.89120     0.237305
      2.89620     0.236800
      2.90120     0.236296
      2.90620     0.235795
      2.91120     0.235296
      2.91620     0.234799
      2.92120     0.234305
      2.92620     0.233813
      2.93120     0.233322
      2.93620     0.232834
      2.94120     0.232348
      2.94620     0.231864
      2.95120     0.231382
      2.95620     0.230902
      2.96120     0.230425
      2.96620     0.229949
      2.97120     0.229476
      2.97620     0.229004
      2.98120     0.228534
      2.98620     0.228067
      2.99120     0.227602
      2.99620     0.227138
      3.00120     0.226676
      3.00620     0.226217
      3.01120     0.225759
      3.01620     0.225303
      3.02120     0.224849
      3.02620     0.224397
      3.03120     0.223947
      3.03620     0.223499
      3.04120     0.223053
      3.04620     0.222608
      3.05120     0.222165
      3.05620     0.221725
      3.06120     0.221286
      3.06620     0.220848
      3.07120     0.220413
      3.07620     0.219979
      3.08120     0.219547
      3.08620     0.219117
      3.09120     0.218689
      3.09620     0.218262
      3.10120     0.217837
      3.10620     0.217414
      3.11120     0.216993
      3.11620     0.216573
      3.12120     0.216155
      3.12620     0.215739
      3.13120     0.215324
      3.13620     0.214911
      3.14120     0.214499
      3.14620     0.214090
      3.15120     0.213681
      3.15620     0.213275
      3.16120     0.212870
      3.16620     0.212467
      3.17120     0.212065
      3.17620     0.211665
      3.18120     0.211266
      3.18620     0.210869
      3.19120     0.210474
      3.19620     0.210080
      3.20120     0.209687
      3.20620     0.209297
      3.21120     0.208907
      3.21620     0.208519
      3.22120     0.208133
      3.22620     0.207748
      3.23120     0.207365
      3.23620     0.206983
      3.24120     0.206602
      3.24620     0.206223
      3.25120     0.205846
      3.25620     0.205470
      3.26120     0.205095
      3.26620     0.204722
      3.27120     0.204350
      3.27620     0.203979
      3.28120     0.203610
      3.28620     0.203243
      3.29120     0.202877
      3.29620     0.202512
      3.30120     0.202148
      3.30620     0.201786
      3.31120     0.201425
      3.31620     0.201066
      3.32120     0.200707
      3.32620     0.200351
      3.33120     0.199995
      3.33620     0.199641
      3.34120     0.199288
      3.34620     0.198936
      3.35120     0.198586
      3.35620     0.198237
      3.36120     0.197889
      3.36620     0.197543
      3.37120     0.197197
      3.37620     0.196853
      3.38120     0.196511
      3.38620     0.196169
      3.39120     0.195829
      3.39620     0.195490
      3.40120     0.195152
      3.40620     0.194815
      3.41120     0.194480
      3.41620     0.194146
      3.42120     0.193813
      3.42620     0.193481
      3.43120     0.193151
      3.43620     0.192821
      3.44120     0.192493
      3.44620     0.192166
      3.45120     0.191840
      3.45620     0.191515
      3.46120     0.191191
      3.46620     0.190869
      3.47120     0.190547
      3.47620     0.190227
      3.48120     0.189908
      3.48620     0.189590
      3.49120     0.189273
      3.49620     0.188957
      3.50120     0.188642
      3.50620     0.188329
      3.51120     0.188016
      3.51620     0.187704
      3.52120     0.187394
      3.52620     0.187085
      3.53120     0.186776
      3.53620     0.186469
      3.54120     0.186163
      3.54620     0.185858
      3.55120     0.185554
      3.55620     0.185251
      3.56120     0.184948
      3.56620     0.184648
      3.57120     0.184347
      3.57620     0.184048
      3.58120     0.183750
      3.58620     0.183454
      3.59120     0.183157
      3.59620     0.182863
      3.60120     0.182569
      3.60620     0.182276
      3.61120     0.181983
      3.61620     0.181692
      3.62120     0.181402
      3.62620     0.181113
      3.63120     0.180825
      3.63620     0.180538
      3.64120     0.180251
      3.64620     0.179966
      3.65120     0.179682
      3.65620     0.179398
      3.66120     0.179116
      3.66620     0.178834
      3.67120     0.178553
      3.67620     0.178273
      3.68120     0.177994
      3.68620     0.177716
      3.69120     0.177439
      3.69620     0.177163
      3.70120     0.176888
      3.70620     0.176614
      3.71120     0.176340
      3.71620     0.176067
      3.72120     0.175796
      3.72620     0.175525
      3.73120     0.175255
      3.73620     0.174986
      3.74120     0.174717
      3.74620     0.174450
      3.75120     0.174183
      3.75620     0.173918
      3.76120     0.173653
      3.76620     0.173388
      3.77120     0.173125
      3.77620     0.172863
      3.78120     0.172601
      3.78620     0.172340
      3.79120     0.172081
      3.79620     0.171821
      3.80120     0.171563
      3.80620     0.171306
      3.81120     0.171049
      3.81620     0.170793
      3.82120     0.170538
      3.82620     0.170284
      3.83120     0.170030
      3.83620     0.169777
      3.84120     0.169525
      3.84620     0.169274
      3.85120     0.169024
      3.85620     0.168774
      3.86120     0.168525
      3.86620     0.168277
      3.87120     0.168030
      3.87620     0.167783
      3.88120     0.167537
      3.88620     0.167292
      3.89120     0.167048
      3.89620     0.166804
      3.90120     0.166561
      3.90620     0.166319
      3.91120     0.166077
      3.91620     0.165837
      3.92120     0.165596
      3.92620     0.165357
      3.93120     0.165119
      3.93620     0.164881
      3.94120     0.164644
      3.94620     0.164407
      3.95120     0.164171
      3.95620     0.163937
      3.96120     0.163702
      3.96620     0.163469
      3.97120     0.163236
      3.97620     0.163003
      3.98120     0.162772
      3.98620     0.162541
      3.99120     0.162311
      3.99620     0.162081
      4.00120     0.161852
      4.00620     0.161624
      4.01120     0.161397
      4.01620     0.161170
      4.02120     0.160944
      4.02620     0.160718
      4.03120     0.160493
      4.03620     0.160269
      4.04120     0.160045
      4.04620     0.159822
      4.05120     0.159600
      4.05620     0.159378
      4.06120     0.159157
      4.06620     0.158937
      4.07120     0.158717
      4.07620     0.158498
      4.08120     0.158280
      4.08620     0.158062
      4.09120     0.157845
      4.09620     0.157628
      4.10120     0.157412
      4.10620     0.157197
      4.11120     0.156982
      4.11620     0.156767
      4.12120     0.156554
      4.12620     0.156341
      4.13120     0.156128
      4.13620     0.155917
      4.14120     0.155705
      4.14620     0.155495
      4.15120     0.155285
      4.15620     0.155076
      4.16120     0.154867
      4.16620     0.154658
      4.17120     0.154451
      4.17620     0.154244
      4.18120     0.154037
      4.18620     0.153831
      4.19120     0.153626
      4.19620     0.153421
      4.20120     0.153217
      4.20620     0.153013
      4.21120     0.152810
      4.21620     0.152607
      4.22120     0.152405
      4.22620     0.152204
      4.23120     0.152003
      4.23620     0.151803
      4.24120     0.151603
      4.24620     0.151404
      4.25120     0.151205
      4.25620     0.151007
      4.26120     0.150809
      4.26620     0.150612
      4.27120     0.150415
      4.27620     0.150219
      4.28120     0.150024
      4.28620     0.149829
      4.29120     0.149634
      4.29620     0.149440
      4.30120     0.149247
      4.30620     0.149054
      4.31120     0.148862
      4.31620     0.148670
      4.32120     0.148479
      4.32620     0.148288
      4.33120     0.148097
      4.33620     0.147907
      4.34120     0.147718
      4.34620     0.147529
      4.35120     0.147341
      4.35620     0.147153
      4.36120     0.146966
      4.36620     0.146779
      4.37120     0.146592
      4.37620     0.146406
      4.38120     0.146221
      4.38620     0.146036
      4.39120     0.145852
      4.39620     0.145668
      4.40120     0.145484
      4.40620     0.145301
      4.41120     0.145119
      4.41620     0.144937
      4.42120     0.144755
      4.42620     0.144574
      4.43120     0.144393
      4.43620     0.144213
      4.44120     0.144034
      4.44620     0.143854
      4.45120     0.143676
      4.45620     0.143497
      4.46120     0.143320
      4.46620     0.143142
      4.47120     0.142965
      4.47620     0.142789
      4.48120     0.142613
      4.48620     0.142437
      4.49120     0.142262
      4.49620     0.142087
      4.50120     0.141913
      4.50620     0.141739
      4.51120     0.141566
      4.51620     0.141393
      4.52120     0.141220
      4.52620     0.141048
      4.53120     0.140877
      4.53620     0.140705
      4.54120     0.140535
      4.54620     0.140364
      4.55120     0.140194
      4.55620     0.140025
      4.56120     0.139856
      4.56620     0.139687
      4.57120     0.139519
      4.57620     0.139351
      4.58120     0.139184
      4.58620     0.139017
      4.59120     0.138850
      4.59620     0.138684
      4.60120     0.138518
      4.60620     0.138353
      4.61120     0.138188
      4.61620     0.138023
      4.62120     0.137859
      4.62620     0.137696
      4.63120     0.137532
      4.63620     0.137369
      4.64120     0.137207
      4.64620     0.137045
      4.65120     0.136883
      4.65620     0.136722
      4.66120     0.136560
      4.66620     0.136400
      4.67120     0.136240
      4.67620     0.136080
      4.68120     0.135921
      4.68620     0.135762
      4.69120     0.135603
      4.69620     0.135445
      4.70120     0.135287
      4.70620     0.135129
      4.71120     0.134972
      4.71620     0.134816
      4.72120     0.134659
      4.72620     0.134503
      4.73120     0.134348
      4.73620     0.134192
      4.74120     0.134037
      4.74620     0.133883
      4.75120     0.133729
      4.75620     0.133575
      4.76120     0.133422
      4.76620     0.133269
      4.77120     0.133116
      4.77620     0.132964
      4.78120     0.132812
      4.78620     0.132660
      4.79120     0.132509
      4.79620     0.132358
      4.80120     0.132208
      4.80620     0.132057
      4.81120     0.131907
      4.81620     0.131758
      4.82120     0.131609
      4.82620     0.131460
      4.83120     0.131312
      4.83620     0.131164
      4.84120     0.131016
      4.84620     0.130868
      4.85120     0.130722
      4.85620     0.130575
      4.86120     0.130428
      4.86620     0.130282
      4.87120     0.130137
      4.87620     0.129991
      4.88120     0.129846
      4.88620     0.129702
      4.89120     0.129557
      4.89620     0.129413
      4.90120     0.129269
      4.90620     0.129126
      4.91120     0.128983
      4.91620     0.128840
      4.92120     0.128698
      4.92620     0.128556
      4.93120     0.128414
      4.93620     0.128273
      4.94120     0.128131
      4.94620     0.127991
      4.95120     0.127850
      4.95620     0.127710
      4.96120     0.127570
      4.96620     0.127431
      4.97120     0.127291
      4.97620     0.127152
      4.98120     0.127014
      4.98620     0.126876
      4.99120     0.126738
      4.99620     0.126600
      5.00120     0.126463
      5.00620     0.126326
      5.01120     0.126189
      5.01620     0.126053
      5.02120     0.125916
      5.02620     0.125781
      5.03120     0.125645
      5.03620     0.125510
      5.04120     0.125375
      5.04620     0.125240
      5.05120     0.125106
      5.05620     0.124972
      5.06120     0.124838
      5.06620     0.124705
      5.07120     0.124572
      5.07620     0.124439
      5.08120     0.124306
      5.08620     0.124174
      5.09120     0.124042
      5.09620     0.123910
      5.10120     0.123779
      5.10620     0.123648
      5.11120     0.123517
      5.11620     0.123386
      5.12120     0.123256
      5.12620     0.123126
      5.13120     0.122996
      5.13620     0.122867
      5.14120     0.122738
      5.14620     0.122609
      5.15120     0.122480
      5.15620     0.122352
      5.16120     0.122224
      5.16620     0.122096
      5.17120     0.121969
      5.17620     0.121841
      5.18120     0.121715
      5.18620     0.121588
      5.19120     0.121461
      5.19620     0.121335
      5.20120     0.121210
      5.20620     0.121084
      5.21120     0.120959
      5.21620     0.120834
      5.22120     0.120709
      5.22620     0.120584
      5.23120     0.120460
      5.23620     0.120336
      5.24120     0.120212
      5.24620     0.120089
      5.25120     0.119966
      5.25620     0.119843
      5.26120     0.119720
      5.26620     0.119597
      5.27120     0.119475
      5.27620     0.119353
      5.28120     0.119232
      5.28620     0.119110
      5.29120     0.118989
      5.29620     0.118868
      5.30120     0.118747
      5.30620     0.118627
      5.31120     0.118507
      5.31620     0.118387
      5.32120     0.118268
      5.32620     0.118148
      5.33120     0.118029
      5.33620     0.117910
      5.34120     0.117791
      5.34620     0.117673
      5.35120     0.117555
      5.35620     0.117437
      5.36120     0.117319
      5.36620     0.117202
      5.37120     0.117085
      5.37620     0.116967
      5.38120     0.116851
      5.38620     0.116734
      5.39120     0.116618
      5.39620     0.116502
      5.40120     0.116386
      5.40620     0.116271
      5.41120     0.116155
      5.41620     0.116040
      5.42120     0.115926
      5.42620     0.115811
      5.43120     0.115697
      5.43620     0.115582
      5.44120     0.115469
      5.44620     0.115355
      5.45120     0.115242
      5.45620     0.115128
      5.46120     0.115015
      5.46620     0.114902
      5.47120     0.114790
      5.47620     0.114678
      5.48120     0.114566
      5.48620     0.114454
      5.49120     0.114342
      5.49620     0.114231
      5.50120     0.114120
      5.50620     0.114008
      5.51120     0.113898
      5.51620     0.113787
      5.52120     0.113677
      5.52620     0.113567
      5.53120     0.113457
      5.53620     0.113347
      5.54120     0.113238
      5.54620     0.113129
      5.55120     0.113020
      5.55620     0.112911
      5.56120     0.112803
      5.56620     0.112694
      5.57120     0.112586
      5.57620     0.112478
      5.58120     0.112370
      5.58620     0.112263
      5.59120     0.112155
      5.59620     0.112048
      5.60120     0.111942
      5.60620     0.111835
      5.61120     0.111728
      5.61620     0.111622
      5.62120     0.111516
      5.62620     0.111410
      5.63120     0.111305
      5.63620     0.111199
      5.64120     0.111094
      5.64620     0.110989
      5.65120     0.110884
      5.65620     0.110780
      5.66120     0.110675
      5.66620     0.110571
      5.67120     0.110467
      5.67620     0.110363
      5.68120     0.110260
      5.68620     0.110156
      5.69120     0.110053
      5.69620     0.109950
      5.70120     0.109847
      5.70620     0.109745
      5.71120     0.109642
      5.71620     0.109540
      5.72120     0.109438
      5.72620     0.109336
      5.73120     0.109234
      5.73620     0.109133
      5.74120     0.109032
      5.74620     0.108931
      5.75120     0.108830
      5.75620     0.108729
      5.76120     0.108629
      5.76620     0.108528
      5.77120     0.108428
      5.77620     0.108328
      5.78120     0.108229
      5.78620     0.108129
      5.79120     0.108030
      5.79620     0.107930
      5.80120     0.107831
      5.80620     0.107733
      5.81120     0.107634
      5.81620     0.107536
      5.82120     0.107438
      5.82620     0.107339
      5.83120     0.107242
      5.83620     0.107144
      5.84120     0.107046
      5.84620     0.106949
      5.85120     0.106852
      5.85620     0.106755
      5.86120     0.106658
      5.86620     0.106562
      5.87120     0.106465
      5.87620     0.106369
      5.88120     0.106273
      5.88620     0.106177
      5.89120     0.106081
      5.89620     0.105986
      5.90120     0.105890
      5.90620     0.105795
      5.91120     0.105700
      5.91620     0.105605
      5.92120     0.105511
      5.92620     0.105416
      5.93120     0.105322
      5.93620     0.105228
      5.94120     0.105134
      5.94620     0.105040
      5.95120     0.104946
      5.95620     0.104853
      5.96120     0.104760
      5.96620     0.104666
      5.97120     0.104573
      5.97620     0.104481
      5.98120     0.104388
      5.98620     0.104296
      5.99120     0.104203
      5.99620     0.104111
      6.00120     0.104019
      6.00620     0.103928
      6.01120     0.103836
      6.01620     0.103745
      6.02120     0.103653
      6.02620     0.103562
      6.03120     0.103471
      6.03620     0.103380
      6.04120     0.103290
      6.04620     0.103199
      6.05120     0.103109
      6.05620     0.103019
      6.06120     0.102929
      6.06620     0.102839
      6.07120     0.102749
      6.07620     0.102660
      6.08120     0.102571
      6.08620     0.102481
      6.09120     0.102392
      6.09620     0.102304
      6.10120     0.102215
      6.10620     0.102126
      6.11120     0.102038
      6.11620     0.101950
      6.12120     0.101861
      6.12620     0.101774
      6.13120     0.101686
      6.13620     0.101598
      6.14120     0.101511
      6.14620     0.101424
      6.15120     0.101336
      6.15620     0.101249
      6.16120     0.101162
      6.16620     0.101076
      6.17120     0.100989
      6.17620     0.100903
      6.18120     0.100817
      6.18620     0.100731
      6.19120     0.100645
      6.19620     0.100559
      6.20120     0.100473
      6.20620     0.100388
      6.21120     0.100302
      6.21620     0.100217
      6.22120     0.100132
      6.22620     0.100047
      6.23120    0.0999625
      6.23620    0.0998778
      6.24120    0.0997934
      6.24620    0.0997090
      6.25120    0.0996249
      6.25620    0.0995409
      6.26120    0.0994570
      6.26620    0.0993733
      6.27120    0.0992897
      6.27620    0.0992062
      6.28120    0.0991230
      6.28620    0.0990398
      6.29120    0.0989568
      6.29620    0.0988739
      6.30120    0.0987911
      6.30620    0.0987086
      6.31120    0.0986261
      6.31620    0.0985439
      6.32120    0.0984616
      6.32620    0.0983796
      6.33120    0.0982978
      6.33620    0.0982161
      6.34120    0.0981345
      6.34620    0.0980530
      6.35120    0.0979717
      6.35620    0.0978904
      6.36120    0.0978093
      6.36620    0.0977285
      6.37120    0.0976477
      6.37620    0.0975671
      6.38120    0.0974865
      6.38620    0.0974061
      6.39120    0.0973258
      6.39620    0.0972457
      6.40120    0.0971658
      6.40620    0.0970860
      6.41120    0.0970063
      6.41620    0.0969267
      6.42120    0.0968473
      6.42620    0.0967679
      6.43120    0.0966887
      6.43620    0.0966096
      6.44120    0.0965307
      6.44620    0.0964520
      6.45120    0.0963733
      6.45620    0.0962949
      6.46120    0.0962164
      6.46620    0.0961382
      6.47120    0.0960600
      6.47620    0.0959821
      6.48120    0.0959041
      6.48620    0.0958264
      6.49120    0.0957489
      6.49620    0.0956714
      6.50120    0.0955939
      6.50620    0.0955167
      6.51120    0.0954397
      6.51620    0.0953627
      6.52120    0.0952859
      6.52620    0.0952091
      6.53120    0.0951326
      6.53620    0.0950561
      6.54120    0.0949798
      6.54620    0.0949035
      6.55120    0.0948274
      6.55620    0.0947514
      6.56120    0.0946755
      6.56620    0.0946000
      6.57120    0.0945244
      6.57620    0.0944488
      6.58120    0.0943735
      6.58620    0.0942984
      6.59120    0.0942233
      6.59620    0.0941482
      6.60120    0.0940733
      6.60620    0.0939987
      6.61120    0.0939240
      6.61620    0.0938494
      6.62120    0.0937750
      6.62620    0.0937009
      6.63120    0.0936267
      6.63620    0.0935526
      6.64120    0.0934787
      6.64620    0.0934050
      6.65120    0.0933313
      6.65620    0.0932579
      6.66120    0.0931845
      6.66620    0.0931110
      6.67120    0.0930378
      6.67620    0.0929649
      6.68120    0.0928919
      6.68620    0.0928190
      6.69120    0.0927463
      6.69620    0.0926738
      6.70120    0.0926013
      6.70620    0.0925288
      6.71120    0.0924566
      6.71620    0.0923843
      6.72120    0.0923123
      6.72620    0.0922406
      6.73120    0.0921686
      6.73620    0.0920970
      6.74120    0.0920253
      6.74620    0.0919540
      6.75120    0.0918827
      6.75620    0.0918114
      6.76120    0.0917401
      6.76620    0.0916693
      6.77120    0.0915983
      6.77620    0.0915275
      6.78120    0.0914569
      6.78620    0.0913863
      6.79120    0.0913157
      6.79620    0.0912454
      6.80120    0.0911753
      6.80620    0.0911052
      6.81120    0.0910351
      6.81620    0.0909653
      6.82120    0.0908954
      6.82620    0.0908258
      6.83120    0.0907562
      6.83620    0.0906868
      6.84120    0.0906174
      6.84620    0.0905480
      6.85120    0.0904789
      6.85620    0.0904100
      6.86120    0.0903411
      6.86620    0.0902722
      6.87120    0.0902035
      6.87620    0.0901349
      6.88120    0.0900664
      6.88620    0.0899980
      6.89120    0.0899298
      6.89620    0.0898616
      6.90120    0.0897934
      6.90620    0.0897255
      6.91120    0.0896575
      6.91620    0.0895898
      6.92120    0.0895221
      6.92620    0.0894547
      6.93120    0.0893872
      6.93620    0.0893199
      6.94120    0.0892525
      6.94620    0.0891855
      6.95120    0.0891185
      6.95620    0.0890515
      6.96120    0.0889847
      6.96620    0.0889180
      6.97120    0.0888512
      6.97620    0.0887847
      6.98120    0.0887184
      6.98620    0.0886519
      6.99120    0.0885859
      6.99620    0.0885196
      7.00120    0.0884535
      7.00620    0.0883877
      7.01120    0.0883219
      7.01620    0.0882561
      7.02120    0.0881906
      7.02620    0.0881250
      7.03120    0.0880597
      7.03620    0.0879943
      7.04120    0.0879290
      7.04620    0.0878639
      7.05120    0.0877988
      7.05620    0.0877340
      7.06120    0.0876691
      7.06620    0.0876043
      7.07120    0.0875397
      7.07620    0.0874753
      7.08120    0.0874107
      7.08620    0.0873463
      7.09120    0.0872822
      7.09620    0.0872180
      7.10120    0.0871539
      7.10620    0.0870900
      7.11120    0.0870261
      7.11620    0.0869622
      7.12120    0.0868986
      7.12620    0.0868351
      7.13120    0.0867715
      7.13620    0.0867081
      7.14120    0.0866449
      7.14620    0.0865817
      7.15120    0.0865185
      7.15620    0.0864556
      7.16120    0.0863926
      7.16620    0.0863297
      7.17120    0.0862670
      7.17620    0.0862043
      7.18120    0.0861418
      7.18620    0.0860794
      7.19120    0.0860169
      7.19620    0.0859547
      7.20120    0.0858924
      7.20620    0.0858305
      7.21120    0.0857685
      7.21620    0.0857065
      7.22120    0.0856447
      7.22620    0.0855830
      7.23120    0.0855212
      7.23620    0.0854597
      7.24120    0.0853982
      7.24620    0.0853369
      7.25120    0.0852757
      7.25620    0.0852144
      7.26120    0.0851533
      7.26620    0.0850923
      7.27120    0.0850315
      7.27620    0.0849705
      7.28120    0.0849099
      7.28620    0.0848491
      7.29120    0.0847886
      7.29620    0.0847280
      7.30120    0.0846677
      7.30620    0.0846074
      7.31120    0.0845473
      7.31620    0.0844870
      7.32120    0.0844269
      7.32620    0.0843670
      7.33120    0.0843072
      7.33620    0.0842474
      7.34120    0.0841877
      7.34620    0.0841281
      7.35120    0.0840685
      7.35620    0.0840092
      7.36120    0.0839498
      7.36620    0.0838904
      7.37120    0.0838313
      7.37620    0.0837722
      7.38120    0.0837131
      7.38620    0.0836542
      7.39120    0.0835953
      7.39620    0.0835366
      7.40120    0.0834780
      7.40620    0.0834193
      7.41120    0.0833609
      7.41620    0.0833025
      7.42120    0.0832441
      7.42620    0.0831857
      7.43120    0.0831275
      7.43620    0.0830696
      7.44120    0.0830114
      7.44620    0.0829535
      7.45120    0.0828958
      7.45620    0.0828378
      7.46120    0.0827801
      7.46620    0.0827227
      7.47120    0.0826652
      7.47620    0.0826077
      7.48120    0.0825503
      7.48620    0.0824931
      7.49120    0.0824358
      7.49620    0.0823786
      7.50120    0.0823216
      7.50620    0.0822647
      7.51120    0.0822079
      7.51620    0.0821509
      7.52120    0.0820942
      7.52620    0.0820377
      7.53120    0.0819812
      7.53620    0.0819247
      7.54120    0.0818682
      7.54620    0.0818119
      7.55120    0.0817556
      7.55620    0.0816994
      7.56120    0.0816433
      7.56620    0.0815873
      7.57120    0.0815315
      7.57620    0.0814757
      7.58120    0.0814199
      7.58620    0.0813642
      7.59120    0.0813086
      7.59620    0.0812531
      7.60120    0.0811975
      7.60620    0.0811422
      7.61120    0.0810869
      7.61620    0.0810316
      7.62120    0.0809765
      7.62620    0.0809214
      7.63120    0.0808663
      7.63620    0.0808115
      7.64120    0.0807564
      7.64620    0.0807018
      7.65120    0.0806470
      7.65620    0.0805924
      7.66120    0.0805378
      7.66620    0.0804834
      7.67120    0.0804291
      7.67620    0.0803747
      7.68120    0.0803204
      7.68620    0.0802662
      7.69120    0.0802121
      7.69620    0.0801580
      7.70120    0.0801041
      7.70620    0.0800502
      7.71120    0.0799963
      7.71620    0.0799427
      7.72120    0.0798891
      7.72620    0.0798354
      7.73120    0.0797820
      7.73620    0.0797284
      7.74120    0.0796752
      7.74620    0.0796218
      7.75120    0.0795686
      7.75620    0.0795155
      7.76120    0.0794623
      7.76620    0.0794094
      7.77120    0.0793564
      7.77620    0.0793035
      7.78120    0.0792508
      7.78620    0.0791979
      7.79120    0.0791454
      7.79620    0.0790927
      7.80120    0.0790403
      7.80620    0.0789878
      7.81120    0.0789354
      7.81620    0.0788832
      7.82120    0.0788310
      7.82620    0.0787787
      7.83120    0.0787265
      7.83620    0.0786746
      7.84120    0.0786226
      7.84620    0.0785708
      7.85120    0.0785189
      7.85620    0.0784671
      7.86120    0.0784156
      7.86620    0.0783639
      7.87120    0.0783124
      7.87620    0.0782609
      7.88120    0.0782096
      7.88620    0.0781581
      7.89120    0.0781069
      7.89620    0.0780559
      7.90120    0.0780046
      7.90620    0.0779536
      7.91120    0.0779026
      7.91620    0.0778518
      7.92120    0.0778008
      7.92620    0.0777500
      7.93120    0.0776994
      7.93620    0.0776486
      7.94120    0.0775981
      7.94620    0.0775476
      7.95120    0.0774970
      7.95620    0.0774467
      7.96120    0.0773964
      7.96620    0.0773461
      7.97120    0.0772960
      7.97620    0.0772460
      7.98120    0.0771959
      7.98620    0.0771458
      7.99120    0.0770960
      7.99620    0.0770459
      8.00120    0.0769963
      8.00620    0.0769465
      8.01120    0.0768969
      8.01620    0.0768473
      8.02120    0.0767977
      8.02620    0.0767484
      8.03120    0.0766988
      8.03620    0.0766494
      8.04120    0.0766003
      8.04620    0.0765510
      8.05120    0.0765018
      8.05620    0.0764527
      8.06120    0.0764039
      8.06620    0.0763550
      8.07120    0.0763059
      8.07620    0.0762572
      8.08120    0.0762084
      8.08620    0.0761597
      8.09120    0.0761111
      8.09620    0.0760624
      8.10120    0.0760140
      8.10620    0.0759654
      8.11120    0.0759172
      8.11620    0.0758688
      8.12120    0.0758204
      8.12620    0.0757723
      8.13120    0.0757241
      8.13620    0.0756762
      8.14120    0.0756280
      8.14620    0.0755801
      8.15120    0.0755322
      8.15620    0.0754845
      8.16120    0.0754366
      8.16620    0.0753889
      8.17120    0.0753415
      8.17620    0.0752938
      8.18120    0.0752463
      8.18620    0.0751989
      8.19120    0.0751514
      8.19620    0.0751040
      8.20120    0.0750568
      8.20620    0.0750096
      8.21120    0.0749624
      8.21620    0.0749154
      8.22120    0.0748682
      8.22620    0.0748212
      8.23120    0.0747743
      8.23620    0.0747275
      8.24120    0.0746808
      8.24620    0.0746341
      8.25120    0.0745873
      8.25620    0.0745406
      8.26120    0.0744941
      8.26620    0.0744476
      8.27120    0.0744011
      8.27620    0.0743549
      8.28120    0.0743084
      8.28620    0.0742621
      8.29120    0.0742159
      8.29620    0.0741699
      8.30120    0.0741236
      8.30620    0.0740776
      8.31120    0.0740318
      8.31620    0.0739858
      8.32120    0.0739400
      8.32620    0.0738940
      8.33120    0.0738485
      8.33620    0.0738027
      8.34120    0.0737572
      8.34620    0.0737114
      8.35120    0.0736661
      8.35620    0.0736206
      8.36120    0.0735750
      8.36620    0.0735297
      8.37120    0.0734844
      8.37620    0.0734391
      8.38120    0.0733941
      8.38620    0.0733490
      8.39120    0.0733039
      8.39620    0.0732589
      8.40120    0.0732138
      8.40620    0.0731690
      8.41120    0.0731242
      8.41620    0.0730793
      8.42120    0.0730348
      8.42620    0.0729899
      8.43120    0.0729454
      8.43620    0.0729008
      8.44120    0.0728562
      8.44620    0.0728118
      8.45120    0.0727675
      8.45620    0.0727232
      8.46120    0.0726788
      8.46620    0.0726345
      8.47120    0.0725904
      8.47620    0.0725462
      8.48120    0.0725021
      8.48620    0.0724583
      8.49120    0.0724142
      8.49620    0.0723703
      8.50120    0.0723264
      8.50620    0.0722826
      8.51120    0.0722389
      8.51620    0.0721953
      8.52120    0.0721517
      8.52620    0.0721080
      8.53120    0.0720644
      8.53620    0.0720210
      8.54120    0.0719776
      8.54620    0.0719342
      8.55120    0.0718908
      8.55620    0.0718477
      8.56120    0.0718043
      8.56620    0.0717611
      8.57120    0.0717180
      8.57620    0.0716751
      8.58120    0.0716319
      8.58620    0.0715890
      8.59120    0.0715461
      8.59620    0.0715034
      8.60120    0.0714605
      8.60620    0.0714178
      8.61120    0.0713751
      8.61620    0.0713325
      8.62120    0.0712898
      8.62620    0.0712473
      8.63120    0.0712049
      8.63620    0.0711625
      8.64120    0.0711200
      8.64620    0.0710776
      8.65120    0.0710354
      8.65620    0.0709932
      8.66120    0.0709510
      8.66620    0.0709088
      8.67120    0.0708668
      8.67620    0.0708246
      8.68120    0.0707827
      8.68620    0.0707407
      8.69120    0.0706990
      8.69620    0.0706570
      8.70120    0.0706153
      8.70620    0.0705736
      8.71120    0.0705318
      8.71620    0.0704904
      8.72120    0.0704486
      8.72620    0.0704072
      8.73120    0.0703657
      8.73620    0.0703242
      8.74120    0.0702829
      8.74620    0.0702417
      8.75120    0.0702002
      8.75620    0.0701590
      8.76120    0.0701180
      8.76620    0.0700767
      8.77120    0.0700357
      8.77620    0.0699947
      8.78120    0.0699537
      8.78620    0.0699127
      8.79120    0.0698719
      8.79620    0.0698309
      8.80120    0.0697901
      8.80620    0.0697494
      8.81120    0.0697088
      8.81620    0.0696681
      8.82120    0.0696275
      8.82620    0.0695870
      8.83120    0.0695465
      8.83620    0.0695059
      8.84120    0.0694656
      8.84620    0.0694251
      8.85120    0.0693848
      8.85620    0.0693445
      8.86120    0.0693045
      8.86620    0.0692642
      8.87120    0.0692241
      8.87620    0.0691841
      8.88120    0.0691440
      8.88620    0.0691040
      8.89120    0.0690641
      8.89620    0.0690241
      8.90120    0.0689843
      8.90620    0.0689445
      8.91120    0.0689046
      8.91620    0.0688651
      8.92120    0.0688255
      8.92620    0.0687857
      8.93120    0.0687461
      8.93620    0.0687068
      8.94120    0.0686672
      8.94620    0.0686278
      8.95120    0.0685885
      8.95620    0.0685492
      8.96120    0.0685098
      8.96620    0.0684705
      8.97120    0.0684314
      8.97620    0.0683920
      8.98120    0.0683529
      8.98620    0.0683141
      8.99120    0.0682750
      8.99620    0.0682359
      9.00120    0.0681970
      9.00620    0.0681581
      9.01120    0.0681193
      9.01620    0.0680804
      9.02120    0.0680418
      9.02620    0.0680032
      9.03120    0.0679643
      9.03620    0.0679257
      9.04120    0.0678873
      9.04620    0.0678487
      9.05120    0.0678103
      9.05620    0.0677717
      9.06120    0.0677333
      9.06620    0.0676949
      9.07120    0.0676568
      9.07620    0.0676184
      9.08120    0.0675802
      9.08620    0.0675421
      9.09120    0.0675039
      9.09620    0.0674658
      9.10120    0.0674279
      9.10620    0.0673897
      9.11120    0.0673518
      9.11620    0.0673139
      9.12120    0.0672760
      9.12620    0.0672381
      9.13120    0.0672004
      9.13620    0.0671628
      9.14120    0.0671248
      9.14620    0.0670872
      9.15120    0.0670497
      9.15620    0.0670121
      9.16120    0.0669746
      9.16620    0.0669370
      9.17120    0.0668995
      9.17620    0.0668623
      9.18120    0.0668249
      9.18620    0.0667875
      9.19120    0.0667503
      9.19620    0.0667131
      9.20120    0.0666759
      9.20620    0.0666387
      9.21120    0.0666015
      9.21620    0.0665646
      9.22120    0.0665276
      9.22620    0.0664904
      9.23120    0.0664535
      9.23620    0.0664167
      9.24120    0.0663798
      9.24620    0.0663431
      9.25120    0.0663061
      9.25620    0.0662694
      9.26120    0.0662327
      9.26620    0.0661962
      9.27120    0.0661595
      9.27620    0.0661230
      9.28120    0.0660865
      9.28620    0.0660501
      9.29120    0.0660136
      9.29620    0.0659771
      9.30120    0.0659406
      9.30620    0.0659044
      9.31120    0.0658681
      9.31620    0.0658319
      9.32120    0.0657957
      9.32620    0.0657594
      9.33120    0.0657234
      9.33620    0.0656872
      9.34120    0.0656512
      9.34620    0.0656152
      9.35120    0.0655792
      9.35620    0.0655434
      9.36120    0.0655074
      9.36620    0.0654716
      9.37120    0.0654359
      9.37620    0.0654001
      9.38120    0.0653644
      9.38620    0.0653286
      9.39120    0.0652931
      9.39620    0.0652573
      9.40120    0.0652218
      9.40620    0.0651863
      9.41120    0.0651507
      9.41620    0.0651152
      9.42120    0.0650799
      9.42620    0.0650446
      9.43120    0.0650091
      9.43620    0.0649738
      9.44120    0.0649385
      9.44620    0.0649035
      9.45120    0.0648682
      9.45620    0.0648332
      9.46120    0.0647979
      9.46620    0.0647628
      9.47120    0.0647278
      9.47620    0.0646930
      9.48120    0.0646579
      9.48620    0.0646231
      9.49120    0.0645881
      9.49620    0.0645533
      9.50120    0.0645185
      9.50620    0.0644839
      9.51120    0.0644491
      9.51620    0.0644143
      9.52120    0.0643797
      9.52620    0.0643451
      9.53120    0.0643106
      9.53620    0.0642760
      9.54120    0.0642414
      9.54620    0.0642071
      9.55120    0.0641727
      9.55620    0.0641382
      9.56120    0.0641038
      9.56620    0.0640695
      9.57120    0.0640354
      9.57620    0.0640011
      9.58120    0.0639670
      9.58620    0.0639327
      9.59120    0.0638986
      9.59620    0.0638645
      9.60120    0.0638304
      9.60620    0.0637965
      9.61120    0.0637624
      9.61620    0.0637286
      9.62120    0.0636947
      9.62620    0.0636609
      9.63120    0.0636270
      9.63620    0.0635931
      9.64120    0.0635593
      9.64620    0.0635257
      9.65120    0.0634921
      9.65620    0.0634582
      9.66120    0.0634246
      9.66620    0.0633912
      9.67120    0.0633576
      9.67620    0.0633240
      9.68120    0.0632906
      9.68620    0.0632572
      9.69120    0.0632238
      9.69620    0.0631905
      9.70120    0.0631571
      9.70620    0.0631237
      9.71120    0.0630906
      9.71620    0.0630572
      9.72120    0.0630240
      9.72620    0.0629909
      9.73120    0.0629578
      9.73620    0.0629246
      9.74120    0.0628917
      9.74620    0.0628586
      9.75120    0.0628257
      9.75620    0.0627928
      9.76120    0.0627599
      9.76620    0.0627270
      9.77120    0.0626941
      9.77620    0.0626614
      9.78120    0.0626285
      9.78620    0.0625958
      9.79120    0.0625632
      9.79620    0.0625305
      9.80120    0.0624979
      9.80620    0.0624652
      9.81120    0.0624328
      9.81620    0.0624001
      9.82120    0.0623677
      9.82620    0.0623353
      9.83120    0.0623028
      9.83620    0.0622704
      9.84120    0.0622380
      9.84620    0.0622058
      9.85120    0.0621734
      9.85620    0.0621412
      9.86120    0.0621090
      9.86620    0.0620768
      9.87120    0.0620446
      9.87620    0.0620124
      9.88120    0.0619805
      9.88620    0.0619483
      9.89120    0.0619164
      9.89620    0.0618844
      9.90120    0.0618525
      9.90620    0.0618205
      9.91120    0.0617886
      9.91620    0.0617568
      9.92120    0.0617249
      9.92620    0.0616932
      9.93120    0.0616615
      9.93620    0.0616298
      9.94120    0.0615981
      9.94620    0.0615664
      9.95120    0.0615346
      9.95620    0.0615032
      9.96120    0.0614715
      9.96620    0.0614400
      9.97120    0.0614085
      9.97620    0.0613770
      9.98120    0.0613456
      9.98620    0.0613143
      9.99120    0.0612829
      9.99620    0.0612516
      10.0012    0.0612202
      10.0062    0.0611889
      10.0112    0.0611577
      10.0162    0.0611267
      10.0212    0.0610955
      10.0262    0.0610642
      10.0312    0.0610332
      10.0362    0.0610020
      10.0412    0.0609710
      10.0462    0.0609400
      10.0512    0.0609090
      10.0562    0.0608783
      10.0612    0.0608473
      10.0662    0.0608163
      10.0712    0.0607855
      10.0762    0.0607548
      10.0812    0.0607240
      10.0862    0.0606933
