2.99792e-05 7.40065229121561642846781844125e+44
3.13921e-05 7.36953354436071633733521505692e+44
3.28716e-05 7.33837667333538777997222625344e+44
3.44208e-05 7.3075197870722017321637233273e+44
3.6043e-05 7.27662509744899349513144226704e+44
3.77416e-05 7.21555929628461713776113052006e+44
3.95203e-05 7.15484121416894702852878345434e+44
4.13829e-05 7.09463406756699505344540170737e+44
4.33332e-05 7.03509554421293172404011181196e+44
4.53754e-05 6.9758960433280799624612239731e+44
4.75139e-05 6.91735397540230807131244267219e+44
4.97532e-05 6.85914525595932583754944270531e+44
5.2098e-05 6.80142635603855454933085433358e+44
5.45533e-05 6.74434844644048971919377932978e+44
5.71243e-05 7.59573841640133743116084112379e+44
5.98165e-05 8.06659030370413915170711162019e+44
6.26355e-05 8.56327714671556186139481463806e+44
6.55874e-05 9.08698895125186951193556028221e+44
6.86785e-05 9.6389560487383221524763505724e+44
7.19152e-05 1.02206849152283132529440922979e+45
7.53045e-05 1.08330313508791384243592916095e+45
7.88535e-05 1.14775713176017006335926558566e+45
8.25697e-05 1.23549217744915089725468831903e+45
8.64611e-05 1.32910716738404614607030557043e+45
9.05359e-05 1.25846169195794169748959316783e+45
9.48027e-05 1.26325201601985937717302015754e+45
9.92706e-05 1.26808977292077579869752885761e+45
0.000103949 1.27300467920435518673785349542e+45
0.000108848 1.27799748745614550766166356167e+45
0.000113978 1.28306896397983366510355946005e+45
0.00011935 1.28821988899251186312302850777e+45
0.000124974 1.29345105682381743422772331959e+45
0.000130864 1.27785036102740616821834238636e+45
0.000137032 1.26272855035959154084342899477e+45
0.00014349 1.24781441965616363291954866919e+45
0.000150252 1.23304804796031161508870040641e+45
0.000157333 1.2283722590767279870508588155e+45
0.000164748 1.22365784822869048093687210139e+45
0.000172513 1.21238345203686123146643890715e+45
0.000180643 1.20112996057975182440832289369e+45
0.000189156 1.18113625393404930376260676422e+45
0.000198071 1.16126142552781962339621711469e+45
0.000207406 1.13783686381606621190587722058e+45
0.00021718 1.12160516356290358037434440214e+45
0.000227416 1.10387525983507388526816313875e+45
0.000238134 1.08810298072918874811670214467e+45
0.000249357 1.05810800498336587550630870986e+45
0.000261108 1.02856087416679516425589735196e+45
0.000273414 1.00443075025430015000583668563e+45
0.0002863 9.6859004247909495655368085499e+44
0.000299792 9.39788226593328525180141616331e+44
0.000313921 9.11465007292954228944290048599e+44
0.000328716 8.8619643782643009204079903129e+44
0.000344208 8.55145471066241399743325974263e+44
0.00036043 8.26361356723927629076711935927e+44
0.000377416 7.97223331030007732849564732206e+44
0.000395203 7.73196714610275968949894737864e+44
0.000413829 7.50688909932033440944013817032e+44
0.000433332 7.28769183640934971920157964433e+44
0.000453754 7.12836616267882412647953123188e+44
0.000475139 6.97927000377985385903829630219e+44
0.000497532 6.83486592936565390599979698859e+44
0.00052098 6.69714959607533203418029970249e+44
0.000545533 6.57007004959931682335877697827e+44
0.000571243 6.4440662996434012000162878807e+44
0.000598165 6.31916943213536590471694780335e+44
0.000626355 6.19512394971483451334691975053e+44
0.000655874 6.06764271472444572345162464789e+44
0.000686785 5.94606975871995093675129252746e+44
0.000719152 5.85477217276501201669115026887e+44
0.000753045 5.76500913769859154987801277146e+44
0.000788535 5.6764916061798636626740495302e+44
0.000825697 5.58933319711853796843579539095e+44
0.000864611 5.50351304217562349783549077625e+44
0.000905359 5.41901059343033317793924578593e+44
0.000948027 5.33592848133959520758767107001e+44
0.000992706 5.25399917190623631853739269718e+44
0.00103949 5.17332782756137040641394940725e+44
0.00108848 5.09389513316408142959168304481e+44
0.00113978 5.01579756182042656846116782065e+44
0.0011935 4.93878363033049836374229435508e+44
0.00124974 4.86295219186785711790897059082e+44
0.00130864 4.78828509011031066041821256374e+44
0.00137032 4.71487301022597802425375008155e+44
0.0014349 4.64247955683830799874170974256e+44
0.00150252 4.57119765238992541904640003459e+44
0.00157333 4.50101022985354335429185581628e+44
0.00164748 4.43200253370849261877888429261e+44
0.00172513 4.36395235120258385365156254171e+44
0.00180643 4.2969470298635785533969207974e+44
0.00189156 4.23097052660660508365649361324e+44
0.00198071 4.16600704467651145888395173786e+44
0.00207406 4.10213548393879432477538254904e+44
0.0021718 4.03915017059051526132949737383e+44
0.00227416 3.977131951018906986073344509e+44
0.00238134 3.91606597620087021360046028087e+44
0.00249357 3.85602641237645471337607886885e+44
0.00261108 3.79681992521538917371614784801e+44
0.00273414 3.73852251069726514757174981509e+44
0.002863 3.68230705491097767700096597973e+44
0.00299792 3.65695823144571546355551806684e+44
0.00313921 3.63487934830720807209582352217e+44
0.00328716 3.61601314032249406182043132558e+44
0.00344208 3.60105703535087739355836848354e+44
0.0036043 3.58905406059668061170711985265e+44
0.00377416 3.58195396475898246262681521675e+44
0.00395203 3.58145913371332269387807115138e+44
0.00413829 3.58368641188011449379773280479e+44
0.00433332 3.66994875447260074956495144091e+44
0.00453754 3.77572190925414428301922606201e+44
0.00475139 3.87355743649367749133734193696e+44
0.00497532 3.98978965566929303587112190882e+44
0.0052098 4.12838318033088381390082651804e+44
0.00545533 4.29061947816823685513393426064e+44
0.00571243 4.47981417899295574216814091514e+44
0.00598165 4.69656135227889858010632596131e+44
0.00626355 4.94151365729085854512644864116e+44
0.00655874 5.22348076747705330263065186546e+44
0.00686785 5.42462848330839128124384053316e+44
0.00719152 5.63637655825951406589064000345e+44
0.00753045 5.8563901296190033263943749459e+44
0.00788535 6.08877604083569458860079573461e+44
0.00825697 6.33038319765545591404114053374e+44
0.00864611 6.58157750595432907522754219858e+44
0.00905359 6.85914525595932583754944270531e+44
0.00948027 7.13329196469382031215508446841e+44
0.00992706 7.41907907568440844332450534614e+44
0.0103949 7.71649359427383312813746504461e+44
0.0108848 8.02657004539253914858931286537e+44
0.0113978 8.34968323871381062139948706888e+44
0.011935 8.68640351397506006060927660592e+44
0.0124974 9.03732706747567751341526807147e+44
0.0130864 9.4028606515105464522604930288e+44
0.0137032 9.78385482683509817340348486981e+44
0.014349 1.01566386144210894985502136591e+45
0.0150252 1.05664718408361975190348683661e+45
0.0157333 1.09928423567867767057362707919e+45
0.0164748 1.14364174628416326818669643388e+45
0.0172513 1.18978913859928916038614659947e+45
0.0180643 1.23782713831202769438045014327e+45
0.0189156 1.28777503043433685633028488301e+45
0.0198071 1.33973838323792583071561355333e+45
0.0207406 1.39379852311281742632008786867e+45
0.021718 1.45004005807192020606750334868e+45
0.0227416 1.50858574623908918468370427462e+45
0.0238134 1.56945909097214769793211553912e+45
0.0249357 1.63278875223097747506383032248e+45
0.0261108 1.69867384549706900052425479584e+45
0.0273414 1.76721748568706776378165878108e+45
0.02863 1.83852694853513698946220842987e+45
0.0299792 1.91271383848700603475842094456e+45
0.0313921 1.98994008290537544082745253333e+45
0.0328716 2.0702366845184221706677077379e+45
0.0344208 2.15377335566216602180003799737e+45
0.036043 2.24068083724417466575961376234e+45
0.0377416 2.33109514573301132631871351109e+45
0.0395203 2.42515778603409177604040961976e+45
0.0413829 2.52307406821330541788816696192e+45
0.0433332 2.62488330108213570633562997864e+45
0.0453754 2.73080066538785543532935049573e+45
0.0475139 2.84099192943493408957240067021e+45
0.0497532 2.95562955048860733809372533925e+45
0.052098 3.07489294468328463919473972164e+45
0.0545533 3.19904242764737892224096684302e+45
0.0571243 3.32812783959650967559323988102e+45
0.0598165 3.46242201134021131415606326852e+45
0.0626355 3.60213512293038227460918144756e+45
0.0655874 3.74757212549395424613406613293e+45
0.0686785 3.89879140519085753478306598949e+45
0.0719152 4.05611257426741757091884795474e+45
0.0753045 4.21978185168503868817715409592e+45
0.0788535 4.38934785534719179157397633421e+45
0.0825697 4.5554365291963495747628363389e+45
0.0864611 4.70999016203794453575629268604e+45
0.0905359 4.84172367584101903122916903623e+45
0.0948027 4.96901147879470120522702274764e+45
0.0992706 5.09143261190955874066254516877e+45
0.103949 5.19804458213539341551170229278e+45
0.108848 5.25920379353305621675223908571e+45
0.113978 5.31961252631964798847174224939e+45
0.11935 5.37724717405861796879918824569e+45
0.124974 5.42687726966070217015560694265e+45
0.130864 5.43300369001310002257194058299e+45
0.137032 5.33396301471359922966237113359e+45
0.14349 5.23889868845864600489311577425e+45
0.150252 5.08182844706559506852650017557e+45
0.157333 4.86877830694148737949360380317e+45
0.164748 4.66272712341154776875725400659e+45
0.172513 4.49179575113512135767571776128e+45
0.180643 4.33221498266018119537883930637e+45
0.189156 4.1797470506759535233473888344e+45
0.198071 4.02281443656577647048972736792e+45
0.207406 3.90364216171537617035026197643e+45
0.21718 3.84335056730791362044882526534e+45
0.227416 3.77606968210875911285862390346e+45
0.238134 3.73766178317572300186673936349e+45
0.249357 3.71355619314376308362675310028e+45
0.261108 3.67781601840549981596568707016e+45
0.273414 3.61742886764217199357077871148e+45
0.2863 3.52614364306859157547466593487e+45
0.299792 3.40808172108187463775123161432e+45
0.313921 3.27830986064730742233862673512e+45
0.328716 3.11709472358011551795964038664e+45
0.344208 2.95399666046395576529507973527e+45
0.36043 2.79395881495825283426875221698e+45
0.377416 2.64155708266108357855930914372e+45
0.395203 2.50484005796888841451799051232e+45
0.413829 2.3739414310064312521502965886e+45
0.433332 2.24672542492614006213508673927e+45
0.453754 2.12990385698214072760390244691e+45
0.475139 2.02614256378032775493844680837e+45
0.497532 1.93290273241750512078316761154e+45
0.52098 1.86161555883791703983437732846e+45
0.545533 1.80281017271974952151111855798e+45
0.571243 1.75085427132752387631767286625e+45
0.598165 1.70584670129165482068336207095e+45
0.626355 1.65901380540343752193525694646e+45
0.655874 1.60975580539886238015152523271e+45
0.686785 1.56509246292968953649898577893e+45
0.719152 1.51652648730122611804022556056e+45
0.753045 1.4618741949885497176219720353e+45
0.788535 1.40362146151188365923218049825e+45
0.825697 1.34134347201555277045020537663e+45
0.864611 1.28002956288768009149319939397e+45
0.905359 1.22070296656168172447175563502e+45
0.948027 1.16080695093120387939647081296e+45
0.992706 1.10838336725185736757399077852e+45
1.03949 1.06536886366757160314769089271e+45
1.08848 1.03078953318486764060300276695e+45
1.13978 1.00776669139800623545962432314e+45
1.1935 9.9646029852297156290477857037e+44
1.24974 9.96575026858599557656795054364e+44
1.30864 1.00591202528440573716417742201e+45
1.37032 1.02362291614191081790605133275e+45
1.4349 1.04799690483560715560670226422e+45
1.50252 1.07912064191043964673887634433e+45
1.57333 1.11437150898980171402811705316e+45
1.64748 1.15204647652583030883601168117e+45
1.72513 1.18910443800727915567436107945e+45
1.80643 1.22371420105265527148589226397e+45
1.89156 1.251267026069375108044228627e+45
1.98071 1.27077891406333586517854662482e+45
2.07406 1.28697467212186938608039934708e+45
2.1718 1.30067861534052704255024894216e+45
2.27416 1.31168635270939394068941908664e+45
2.38134 1.30978496239967654469949232944e+45
2.49357 1.30568976562477373319907649702e+45
2.61108 1.30253679377334444859192100184e+45
2.73414 1.31537626176368927497031503775e+45
2.863 1.33164971354916421245705925197e+45
2.99792 1.3544407138977420391980377258e+45
3.13921 1.38541536536226874350698799733e+45
3.28716 1.41748998776605281719566978691e+45
3.44208 1.45014022675022713970818323247e+45
3.6043 1.48323511953944343126055482597e+45
3.77416 1.52802338228991369976532208173e+45
3.95203 1.57383790196286757785490659127e+45
4.13829 1.61908630749157142229513667586e+45
4.33332 1.64520492151299891078282161522e+45
4.53754 1.66398727197393426264279604973e+45
4.75139 1.68073792570872405777942713104e+45
4.97532 1.6907912825121688164754134526e+45
5.2098 1.69832186127293609418996517877e+45
5.45533 1.70278572229411185396044449162e+45
5.71243 1.70553250165655684587449853591e+45
5.98165 1.70643598162869631989267683139e+45
6.26355 1.70466875103249169345684912353e+45
6.55874 1.69406472746766864571396478791e+45
6.86785 1.68263531651445001048392183897e+45
7.19152 1.67224536160164799083436756577e+45
7.53045 1.66257023094194863368938967305e+45
7.88535 1.65634194492683361761037786076e+45
8.25697 1.65310332723701100273845193823e+45
8.64611 1.64637969028032882711806084767e+45
9.05359 1.64096757644962395912719225361e+45
9.48027 1.63523434468607669841322069304e+45
9.92706 1.63203699833381755241059225566e+45
10.3949 1.6368165214278035181265521699e+45
10.8848 1.64081644471042546493706031104e+45
11.3978 1.64229057310054000638856258858e+45
11.935 1.64006099477536842640128083694e+45
12.4974 1.64085422634024542643430562415e+45
13.0864 1.63723115396099498274255683289e+45
13.7032 1.6358745652400430579192811409e+45
14.349 1.63320236446401726148046799347e+45
15.0252 1.6295211437549029509354935248e+45
15.7333 1.62450106350963841598977665981e+45
16.4748 1.61346667577757934019399413886e+45
17.2513 1.60265484204986823362315051335e+45
18.0643 1.59165889259770687273106560266e+45
18.9156 1.58033806166722051187218608906e+45
19.8071 1.56019901721864306154568924214e+45
20.7406 1.53868599185074551384864289547e+45
21.718 1.51827345838706082392708603798e+45
22.7416 1.49668360042329706444296534159e+45
23.8134 1.47523089836218947338226408811e+45
24.9357 1.45294776086704016876314461328e+45
26.1108 1.43284759806458594303375582839e+45
27.3414 1.41283029886624128610756793411e+45
28.63 1.39184220011931563841840741649e+45
29.9792 1.36511739284063892152107409735e+45
31.3921 1.33702645348918418593847653237e+45
32.8716 1.31410479504720807116991936885e+45
34.4208 1.29160583995993721659982900113e+45
36.043 1.27538116799695943288363732861e+45
37.7416 1.26695152907641937863516057351e+45
39.5203 1.25403598816141134818332188534e+45
41.3829 1.23478117564397462830599831556e+45
43.3332 1.2137521158717691854039524579e+45
45.3754 1.18724404522564427894972997583e+45
47.5139 1.16670215487263537337275537401e+45
49.7532 1.14884119485931288278606708469e+45
52.098 1.12893776184280824140682304356e+45
54.5533 1.10800061130244695609392291445e+45
57.1243 1.08058765076017963825938905277e+45
59.8165 1.02305739748667318928885940991e+45
62.6355 9.67230538260961078416716555637e+44
65.5874 9.16178297580670961723793374742e+44
68.6785 8.66502859012331855557298837606e+44
71.9152 8.19520836347273535359645349585e+44
75.3045 7.67520528201638129565556841895e+44
78.8535 7.16753793207955590253778622354e+44
82.5697 6.66883542599303186726890219961e+44
86.4611 6.1884231202116532299827178848e+44
90.5359 5.73852132674620048027619558895e+44
94.8027 5.43650760634685117750471800638e+44
99.2706 5.1639258796698871689196077463e+44
103.949 4.90987007530707615725913481209e+44
108.848 4.67250742305051319361795815618e+44
113.978 4.46231269450734548706689474565e+44
119.35 4.28726175709121627569135348268e+44
124.974 4.11907784867739870190721295443e+44
130.864 3.95740046075764890951307256505e+44
137.032 3.80215659780753633729692926093e+44
143.49 3.65300275713913581567419337769e+44
150.252 3.50970003480688737053552328836e+44
157.333 3.37201889876758630255723849375e+44
164.748 3.23973882123273815496901471942e+44
172.513 3.11264792544274717529172897478e+44
180.643 2.99054264629774119758282078553e+44
189.156 2.8732274043019278525620132784e+44
198.071 2.76051429229795310352507480108e+44
207.406 2.65222277449101271694486805047e+44
217.18 2.5481793972793828854965416899e+44
227.416 2.44821751142873893624950927863e+44
238.134 2.3521770051456340721369766223e+44
249.357 2.25990404762156172053916860796e+44
261.108 2.17125084263805606359314545241e+44
273.414 2.0860753918371657027737848332e+44
286.3 2.00419511844922834460171766534e+44
299.792 1.92557305445061833845561420818e+44
313.921 1.85007783466497654628793154694e+44
328.716 1.77746067064296024643642026299e+44
344.208 1.70773311501931685103368846445e+44
360.43 1.64074088406057151482356381951e+44
377.416 1.57637667440639331743852409935e+44
395.203 1.51453739207297238968177967057e+44
413.829 1.45512398732424402558465689973e+44
433.332 1.39804129602129263412563366856e+44
453.754 1.3431978871951643013995951688e+44
475.139 1.29050591659922288673677920276e+44
497.532 1.23988098600667848698496451164e+44
520.98 1.1912420080273762940801036565e+44
545.533 1.14451107622796633517937698461e+44
571.243 1.09961334034688932473477366865e+44
598.165 1.05647688640453395863238054233e+44
626.355 1.01503262151669861116617850055e+44
655.874 9.7521416322641374859645522106e+43
686.785 9.36957733177394956650796748789e+43
719.152 9.0020205495838196893316686877e+43
753.045 8.64868341396159589978143925879e+43
788.535 8.30940639715978406106200595275e+43
825.697 7.98343879274137945652433749137e+43
864.611 7.67043510539221978913223368625e+43
905.359 7.3693638565334574833336453795e+43
948.027 7.08027294346632094977085323978e+43
992.706 6.80252270479716116038036431723e+43
1039.49 6.53566826007503701114290271343e+43
1088.48 6.27928218095181491754638661385e+43
1139.78 6.03295380655774664862763374142e+43
1193.5 5.79628858573500306429726307417e+43
1249.74 5.56890744507306621456108920302e+43
1308.64 5.35044618173676255336302734282e+43
1370.32 5.14055488011192281753193492398e+43
1434.9 4.93889735133535784535826158318e+43
1502.52 4.74515059481219246134401813417e+43
1573.33 4.5590042808559751519289977933e+43
1647.48 4.38016025362536234997418686418e+43
1725.13 4.20833205355917785429592167387e+43
1806.43 4.043244458545801685876200766e+43
1891.56 3.88463304309257156482999190698e+43
1980.71 3.73215781768845013479426860984e+43
2074.06 3.58574994148219440035885687775e+43
2171.8 3.445085462865779002008387797e+43
2274.16 3.30993907554617165650478365968e+43
2381.34 3.18016753693439134783255634185e+43
2493.57 3.0554135480070944285805326746e+43
2611.08 2.93548590895676192607843454742e+43
2734.14 2.82033047380152752674111612865e+43
2863 2.70969244212128924839577143544e+43
2997.92 2.60339460183623027636161853901e+43
3139.21 2.5012666926745810284016643245e+43
3287.16 2.403145133461754134129905097e+43
3442.08 2.30887276010762007016643070314e+43
3604.3 2.21829857387259131736114602324e+43
3774.16 2.13127749950834172977588102766e+43
3952.03 2.0476701528869215948757800378e+43
4138.29 1.96734261774512131823634301422e+43
4333.32 1.89016623118689396076688810288e+43
4537.54 1.81601737760056452113687448709e+43
4751.39 1.744777290659939198596566965e+43
4975.32 1.67633186309312098170980185134e+43
5209.8 1.610571463913552527144636625e+43
5455.33 1.54735513324205474349634257796e+43
5712.43 1.48665432961547590425782433756e+43
5981.65 1.42833474248002818715511396732e+43
6263.55 1.37230295969555027455166871861e+43
6558.74 1.31846923356306201598101713079e+43
6867.85 1.26674733707348222993493410737e+43
7191.52 1.21705442579520176073774099113e+43
7530.45 1.16931090517995271787940371902e+43
7885.35 1.1234403030738919830173858347e+43
8256.97 1.07936914722992508990225139306e+43
8646.11 1.03702684762525108999844493103e+43
9053.59 9.9634558339517109311378698739e+42
9480.27 9.57260194202605690367873173164e+42
9927.06 9.19708075868875948511446002945e+42
10394.9 8.8362908009876769063370739741e+42
10884.8 8.48965418139404153200984440839e+42
11397.8 8.15661568218239974229835844297e+42
11935 7.83664186612360282203728282748e+42
12497.4 7.52922022206279341445423279583e+42
13086.4 7.23369178018919760424165608464e+42
13703.2 6.94992311273115282884704187684e+42
14349 6.67728633464271800401180907968e+42
15025.2 4.77419331137076432060522582343e+42
15733.3 4.72487148136303502069457633172e+42
16474.8 4.6781053736070919883100780931e+42
17251.3 4.63510951717487223811097089997e+42
18064.3 4.59547068460266203187372228157e+42
18915.6 4.55921423559623674550968111372e+42
19807.1 4.52043261807637606938053706787e+42
20740.6 4.47971102864701002171402145039e+42
21718 4.43751669514284056246968366641e+42
22741.6 4.39308898212716665403541823952e+42
23813.4 4.34690350914822806732490027129e+42
24935.7 4.29793655239986646795520330642e+42
26110.8 4.24688010049739432307230085405e+42
27341.4 4.19333925805704188358045810863e+42
28630 4.13770953348489891032840744188e+42
29979.2 4.08065613890089085351277573944e+42
31392.1 4.02244393872596787274045399455e+42
32871.6 3.9633278587111841174825249218e+42
34420.8 3.90364216171537582867881113367e+42
36043 3.84379307486639386214218430653e+42
37741.6 3.78399017412372063704522835145e+42
39520.3 3.72408855921280274287102039518e+42
41382.9 3.66370080568709367913275013219e+42
43333.2 3.60296464069220699059867267893e+42
45375.4 3.54160400426461016255815247287e+42
47513.9 3.4359750374732163211170450248e+42
49753.2 3.33111786797548170622610675806e+42
52098 3.22611615551533914778247251791e+42
54553.3 3.12133225307165552567695691245e+42
57124.3 3.01661579025451404019992795973e+42
59816.5 2.91212491491190379274891777485e+42
62635.5 2.80840669703979798579078377603e+42
65587.4 2.70607606498763779748106043094e+42
68678.5 2.60555353004997167114873464805e+42
71915.2 2.50634008485444324997783928436e+42
75304.5 2.40973896406669107913660913116e+42
78853.5 2.31648770776268124271245023417e+42
82569.7 2.22740915322167115663311254803e+42
86461.1 2.14219992613613271165406749564e+42
90535.9 2.06110444547250572267186552505e+42
94802.7 1.98394669828599881446216233533e+42
99270.6 1.95209073404331204055590908071e+42
103949 1.92052515535876544311448513226e+42
108848 1.88916547443288910430487417465e+42
113978 1.85878859882140444451847841049e+42
119350 1.82944770653357549990171373265e+42
124974 1.79969951657736636709277808255e+42
130864 1.76957918016717343042766392561e+42
137032 1.73912180387267352500051743457e+42
143490 1.7080870497646808365845431682e+42
150252 1.67652486904117319158112356274e+42
157333 1.64395528231625382514172357355e+42
164748 1.61064563517827322255417705324e+42
172513 1.57626778592435976893465671239e+42
180643 1.54070680228447265815999916122e+42
189156 1.5039036036870511839586220712e+42
198071 1.46733744348669796116642343902e+42
207406 1.43103415716160377729374563452e+42
217180 1.39489012585212647246972931811e+42
227416 1.35912687444752004507697888642e+42
238134 1.32370131408814170326033552158e+42
249357 1.28902102169445871576103361955e+42
261108 1.25490254479674579638339236633e+42
273414 1.22171526414931926391982828337e+42
286300 1.1892961144448702227258593531e+42
299792 1.15752398825502148999527769629e+42
