2.99792e-05 8.6445024156933237977250190907e+36
3.13921e-05 9.77664847143211936803565110601e+37
3.28716e-05 6.02185092422848613012665344385e+38
3.44208e-05 2.47360300596106280723420309206e+39
3.6043e-05 7.65173639472010015256378800111e+39
3.77416e-05 2.05631668780622205993296251976e+44
3.95203e-05 2.03558855308756826884033283329e+44
4.13829e-05 2.01506936262907179705589248213e+44
4.33332e-05 1.99475701022552832278125645787e+44
4.53754e-05 1.97464941090288769747202333646e+44
4.75139e-05 1.95474450070397662662819652129e+44
4.97532e-05 1.93504023647690322388571333415e+44
5.2098e-05 1.96525993297752256034199725223e+44
5.45533e-05 1.99700889825215759421365126013e+44
5.71243e-05 2.03025224783300196980253198239e+44
5.98165e-05 2.06509483270691702319436491795e+44
6.26355e-05 2.10159971072746432551294529249e+44
6.55874e-05 2.13983358720847540050219541255e+44
6.86785e-05 2.17986701581805266769630966742e+44
7.19152e-05 2.22182577175523139262943846154e+44
7.53045e-05 2.26568745501293184261538146562e+44
7.88535e-05 2.31158570448560346337317136588e+44
8.25697e-05 2.2999055433587187320251939737e+44
8.64611e-05 2.43612741980596877942083698885e+44
9.05359e-05 2.63578510846915726163395401839e+44
9.48027e-05 2.84747552590779364728869058289e+44
9.92706e-05 3.09314301094896975690980413971e+44
0.000103949 3.35838127661193796363257449223e+44
0.000108848 3.64460108394169883400737453279e+44
0.000113978 3.95339310052823216451572547708e+44
0.00011935 4.28627469223449182309098427115e+44
0.000124974 4.6450457948640547000575944378e+44
0.000130864 5.03141337598499953043158475475e+44
0.000137032 5.11658272263535222338328857197e+44
0.00014349 5.09166708644516784574243495624e+44
0.000150252 5.07224239892648777534150939928e+44
0.000157333 5.0746956386465286994894312586e+44
0.000164748 5.0757473902890236466444654415e+44
0.000172513 5.07563051823176385647192186634e+44
0.000180643 5.07411142635066662709309696129e+44
0.000189156 5.07130814339841354088692652757e+44
0.000198071 5.06710612255904651865134776309e+44
0.000207406 5.01914797751707370878054290899e+44
0.00021718 4.96981245336696068380226795592e+44
0.000227416 4.91926252434161290221500176191e+44
0.000238134 4.85221459709244089317806480958e+44
0.000249357 4.75718455277137758311804197892e+44
0.000261108 4.66197564115778461826830826354e+44
0.000273414 4.52189006828342987428856624821e+44
0.0002863 4.38732695132532214225530111679e+44
0.000299792 4.25823867437348268349370266733e+44
0.000313921 4.13437627690721063783648493341e+44
0.000328716 4.0495801591419108960261266754e+44
0.000344208 3.96816753802298565961425846125e+44
0.00036043 3.89000357094962075440454634241e+44
0.000377416 3.82710167214922822793969458953e+44
0.000395203 3.74964368272435427641126128579e+44
0.000413829 3.67646131047303646419895110221e+44
0.000433332 3.64762345792311640681729527296e+44
0.000453754 3.63688861199667028977847535106e+44
0.000475139 3.65157310752020327324250381508e+44
0.000497532 3.6753609777148006336750026096e+44
0.00052098 3.70220105297969464120389529389e+44
0.000545533 3.73232969386518362317251808894e+44
0.000571243 3.7657371256753037966161191877e+44
0.000598165 3.80250680549906939021938991481e+44
0.000626355 3.84290811069206657595051122978e+44
0.000655874 3.88678036391740303638416379781e+44
0.000686785 3.92988643129302840119434338942e+44
0.000719152 3.95712710265995111622047189418e+44
0.000753045 3.96004389611528115214413627543e+44
0.000788535 3.95667154779040245098928396377e+44
0.000825697 3.95321104423987133693608668736e+44
0.000864611 3.94975356724453417192967657184e+44
0.000905359 3.94638998209867473429629869095e+44
0.000948027 3.94302926136057881351773154474e+44
0.000992706 3.93958068934898277064674556017e+44
0.00103949 3.93613513345726192098475887993e+44
0.00108848 3.93278314568344560905789160027e+44
0.00113978 3.92934353492103426175518066674e+44
0.0011935 3.92590693244099157250389454633e+44
0.00124974 3.92256365493837788777178713575e+44
0.00130864 3.91913298213899441368413241858e+44
0.00137032 3.91579547328965962995108521088e+44
0.0014349 3.91237071993957763535787043788e+44
0.00150252 3.9089489618775115464406859361e+44
0.00157333 3.90562012567539231744802884984e+44
0.00164748 3.90220427168077072323729049857e+44
0.00172513 3.89879140519085769323939101802e+44
0.00180643 3.89547121909974087629217601772e+44
0.00189156 3.89206424133519343976626558998e+44
0.00198071 3.8887497840542510018692083604e+44
0.00207406 3.8853486848545049554790912826e+44
0.0021718 3.88195056025492855823421372939e+44
0.00227416 3.87864471572073593738036675871e+44
0.00238134 3.87525245441021739266514355968e+44
0.00249357 3.87186315997025328908626028368e+44
0.00261108 3.86883314609802513479120585582e+44
0.00273414 3.86607255303861024168792597252e+44
0.002863 3.86375873584911250116349674796e+44
0.00299792 3.86180197218961868060098426062e+44
0.00313921 3.86020172085927473921328402333e+44
0.00328716 3.85904639620108812314380408403e+44
0.00344208 3.85815792022405433121029355956e+44
0.0036043 3.85789141732148008117523243685e+44
0.00377416 3.85940184387799615405604348739e+44
0.00395203 3.86304707073648299570130222858e+44
0.00413829 3.86829868396639940470211594651e+44
0.00433332 3.92635894519934515049519725937e+44
0.00453754 3.98263035915608965820831451151e+44
0.00475139 4.08479249941580497638151524492e+44
0.00497532 4.21949036954894594568428474044e+44
0.0052098 4.37280388302712880555382210213e+44
0.00545533 4.54663404928822521661201002939e+44
0.00571243 4.74285666572842323260817440463e+44
0.00598165 4.96169426571567073973980081017e+44
0.00626355 5.20547062437321274564818027792e+44
0.00655874 5.47696543354749479739275138948e+44
0.00686785 5.70400634575055298810341457503e+44
0.00719152 5.96128657459678242208195879742e+44
0.00753045 6.18201422424483217382747980423e+44
0.00788535 6.38631005958269833870464656264e+44
0.00825697 6.58324472773390284470528637231e+44
0.00864611 6.78859656433225229624615657253e+44
0.00905359 7.0003539620996497250870977452e+44
0.00948027 7.21855051518923049961800908828e+44
0.00992706 7.4435481152028369847913196697e+44
0.0103949 7.6757354847268075639490066627e+44
0.0108848 7.91516549898580026974023117313e+44
0.0113978 8.16525965794922835140510328569e+44
0.011935 8.42325600017802692853118236253e+44
0.0124974 8.68960429286301888280398084956e+44
0.0130864 8.98359159196283336309925186147e+44
0.0137032 9.2843178462704935298820859176e+44
0.014349 9.59533186767848462511865096173e+44
0.0150252 9.91699284740028409259407324565e+44
0.0157333 1.02494367564986595805415149523e+45
0.0164748 1.05930250673725777487835944554e+45
0.0172513 1.09481313699347874515925357862e+45
0.0180643 1.13148812400541292753205189853e+45
0.0189156 1.16941860765414760570532643696e+45
0.0198071 1.20862062174079069659463219496e+45
0.0207406 1.24913679133889091327193867418e+45
0.021718 1.29101117042754519621820964432e+45
0.0227416 1.33425856699945376329859435011e+45
0.0238134 1.37898645382835246373513534383e+45
0.0249357 1.42521373808262933076745594949e+45
0.0261108 1.4729906835417666815112076216e+45
0.0273414 1.52236923896045707322011369803e+45
0.02863 1.57340309455349209051287951111e+45
0.0299792 1.62614774037402088272296215962e+45
0.0313921 1.68066052664906043571910133407e+45
0.0328716 1.73700072613738613845351202274e+45
0.0344208 1.79518826236457357597263834268e+45
0.036043 1.85536773538544488663662773238e+45
0.0377416 1.91756458399245312999537949261e+45
0.0395203 1.98184643596718396272672805599e+45
0.0413829 2.04828318615387618306885688486e+45
0.0433332 2.11694707245727046842959632722e+45
0.0453754 2.18786237641550614831902985342e+45
0.0475139 2.26120532746699359904253442686e+45
0.0497532 2.33700692880970933577199788893e+45
0.052098 2.41534960092402344872101816719e+45
0.0545533 2.49631852724334416776706811898e+45
0.0571243 2.57994234072421206552044929358e+45
0.0598165 2.66642885233076323555982868042e+45
0.0626355 2.75581462124698356699292280286e+45
0.0655874 2.84819683826935164774848807888e+45
0.0686785 2.94367595228772981624409372583e+45
0.0719152 3.04235577950510610798588087235e+45
0.0753045 3.14427121596534111657538519516e+45
0.0788535 3.24690812546377675185366096176e+45
0.0825697 3.35135165157049355984605033297e+45
0.0864611 3.45191425999607775881829998389e+45
0.0905359 3.56270612158753181958804543254e+45
0.0948027 3.67256930411847108533928561348e+45
0.0992706 3.78381591894879175487532714285e+45
0.103949 3.87721603338941037328919925471e+45
0.108848 3.95248290292065762565140120798e+45
0.113978 3.99935540798932384765235545741e+45
0.11935 4.03440970618728256924450742205e+45
0.124974 4.1064827231734292111476469252e+45
0.130864 4.1731116091690037156460614348e+45
0.137032 4.17561068274867575584724231486e+45
0.14349 4.15355532877812374021658615637e+45
0.150252 4.12638741263983118558047888756e+45
0.157333 4.08103199852945589953145181703e+45
0.164748 4.03069558820492465777061214597e+45
0.172513 3.97255574342955654906729360608e+45
0.180643 3.94393728193617390747569201855e+45
0.189156 3.93976211792185031837185087507e+45
0.198071 3.90247383571267131307148387369e+45
0.207406 3.83504090017831113943182511446e+45
0.21718 3.82146600023948569230659760141e+45
0.227416 3.80741310149755647542167919522e+45
0.238134 3.77711319287969834681717345937e+45
0.249357 3.74446693532945025627593489396e+45
0.261108 3.70382108759085394719809739485e+45
0.273414 3.64611195776511476821257833003e+45
0.2863 3.55050394881033331491051230958e+45
0.299792 3.40047823923806842105161574312e+45
0.313921 3.21314259950286426355294825252e+45
0.328716 3.0363371971036834867983822605e+45
0.344208 2.84911513645503090290193837323e+45
0.36043 2.65772474522355079286216714529e+45
0.377416 2.48816971659127963600296847363e+45
0.395203 2.32691221811298524121972961608e+45
0.413829 2.16930191681359043503607896952e+45
0.433332 2.02069143199226749414762521525e+45
0.453754 1.88890449460558424732290558232e+45
0.475139 1.7860762682414205953746951613e+45
0.497532 1.71044849008127572394194405253e+45
0.52098 1.65333172767869123888353941064e+45
0.545533 1.59551172478596283479084739518e+45
0.571243 1.54553911214390337988753022693e+45
0.598165 1.48744186219606140653029940784e+45
0.626355 1.4359853194707884427344301289e+45
0.655874 1.40068345901550529990155648503e+45
0.686785 1.37439004243323282750579328113e+45
0.719152 1.3489939439674999332794349053e+45
0.753045 1.31501286007914983269993116771e+45
0.788535 1.27329783311342561345052325217e+45
0.825697 1.22659163895722800760563981117e+45
0.864611 1.18677940199658565503291485849e+45
0.905359 1.14773070397982292580077236241e+45
0.948027 1.11511587870361043104858763124e+45
0.992706 1.08440122621861981131227507064e+45
1.03949 1.05416841563073367193095985452e+45
1.08848 1.02967460070383892013490495359e+45
1.13978 1.0112999831394278119455094577e+45
1.1935 1.00403765335982371382644455427e+45
1.24974 1.00827732380566895796414585716e+45
1.30864 1.02244510484091005428228994941e+45
1.37032 1.05043697413287156482378961009e+45
1.4349 1.0918676528998261534610373871e+45
1.50252 1.14672689910792409304903325822e+45
1.57333 1.21146256864818896116335439697e+45
1.64748 1.28469489983119950124168824792e+45
1.72513 1.36467740190835091973489071549e+45
1.80643 1.45017361784735423104672442075e+45
1.89156 1.53596033316896897524098504094e+45
1.98071 1.61871354200985463671315806263e+45
2.07406 1.69703187633620900654175676373e+45
2.1718 1.76790937976411114729282284389e+45
2.27416 1.82995327145881278481634068084e+45
2.38134 1.88122178786952026261597724199e+45
2.49357 1.92003877797198165527024473801e+45
2.61108 1.94962012852443192824693095239e+45
2.73414 1.96824882114703481793002202491e+45
2.863 1.9823028255149774137433824141e+45
2.99792 1.99356316220643138135796185415e+45
3.13921 2.00156639090636764195374347143e+45
3.28716 2.00673488270793905116900808807e+45
3.44208 2.0084452619846709688042351404e+45
3.6043 2.00659626716083177713357380976e+45
3.77416 2.00336462120269322786380072622e+45
3.95203 2.00276503166992162520102689627e+45
4.13829 2.00391824778700265309647573801e+45
4.33332 2.01228736360297730404436570919e+45
4.53754 2.02250684444572216549566856572e+45
4.75139 2.03296545974141903179099006626e+45
4.97532 2.0440428696341079230478474279e+45
5.2098 2.05484940985394253005725410575e+45
5.45533 2.06695013768697172079250326178e+45
5.71243 2.07955303170775617282343988079e+45
5.98165 2.09102873042253464838838850246e+45
6.26355 2.10271300129580715287303953158e+45
6.55874 2.11421913916667997511771920042e+45
6.86785 2.12564139995158735434960550148e+45
7.19152 2.13943945159728428199063272355e+45
7.53045 2.15670129944381297749329061503e+45
7.88535 2.17781006190356811556641162562e+45
8.25697 2.20429644378783159915346354878e+45
8.64611 2.234189466914551941555967298e+45
9.05359 2.26527013839762766158054705314e+45
9.48027 2.293612252763180557290194962e+45
9.92706 2.31824856699626209618665730356e+45
10.3949 2.3364150764615330832753775938e+45
10.8848 2.35044449543756864024499166951e+45
11.3978 2.35808795534851194542182794597e+45
11.935 2.35814225295539075200671527622e+45
12.4974 2.34849694729568319737463464381e+45
13.0864 2.32894911619468200305573987201e+45
13.7032 2.30170679594268285547787736898e+45
14.349 2.2690810037117216003298011622e+45
15.0252 2.23259526843073696112553588901e+45
15.7333 2.19411809957718337876801724309e+45
16.4748 2.15719795544744930062932910612e+45
17.2513 2.11806849305769134086270933379e+45
18.0643 2.07720806440343370225755448372e+45
18.9156 2.03259100815378395716579047665e+45
19.8071 1.97751597248571517774784635534e+45
20.7406 1.91928734609805303830462249317e+45
21.718 1.85831785635872120641763297148e+45
22.7416 1.79618059422645635357541193335e+45
23.8134 1.73824104226774295400992313849e+45
24.9357 1.68000277853299822586556203639e+45
26.1108 1.62117538111536165191333292698e+45
27.3414 1.56314764264096332340722752983e+45
28.63 1.50584405944697492107698981073e+45
29.9792 1.45144304943025944630012254673e+45
31.3921 1.40468841291534662605778845772e+45
32.8716 1.36022264277888110446736710072e+45
34.4208 1.31683087303406496146343897002e+45
36.043 1.26873231026538741519210330814e+45
37.7416 1.2198038506636834775284506935e+45
39.5203 1.17276230931859328825361124249e+45
41.3829 1.12501937008060224875172447589e+45
43.3332 1.07572187457340025790686607793e+45
45.3754 1.01092747507964359520684794406e+45
47.5139 9.42236665402432952935196466958e+44
49.7532 8.83669773658714172095921065772e+44
52.098 8.34833753723646483496208391555e+44
54.5533 7.92556076423806299108635189129e+44
57.1243 7.54918381270276507893310461513e+44
59.8165 7.16027990835003714653882099118e+44
62.6355 6.77906815162960149330659513227e+44
65.5874 6.4239181682438697767881120304e+44
68.6785 6.01339870876743523589212700363e+44
71.9152 5.65210212113854131335829151287e+44
75.3045 5.30652237773422763147226784633e+44
78.8535 4.9230018616190649548265669707e+44
82.5697 4.50702534180260342242691515589e+44
86.4611 4.08319386332689373473265525755e+44
90.5359 3.68323984382297790806640429921e+44
94.8027 3.31787484663271474014235968867e+44
99.2706 2.97755642391797338345040498123e+44
103.949 2.66005122509377710098885424441e+44
108.848 2.39949583263055176242052821754e+44
113.978 2.17966625189187371882038122536e+44
119.35 1.98577482247616978032824041233e+44
124.974 1.80913093559968251715669003135e+44
130.864 1.64820034230397390737365759788e+44
137.032 1.50158527219613207256388372657e+44
143.49 1.36801229304715739403793759499e+44
150.252 1.24632125033500421451416432354e+44
157.333 1.13545519066696206519015696881e+44
164.748 1.03445118156014979187375938929e+44
172.513 9.42431947845168805429706556467e+43
180.643 8.58598252050630000089731770675e+43
189.156 7.82221952587601943464198611265e+43
198.071 7.12639679441007884766082232949e+43
207.406 6.49247072437408853766595207374e+43
217.18 5.91493532045796554708460774156e+43
227.416 5.3887743711889660110828718091e+43
238.134 4.90953092521169486177572608626e+43
249.357 4.47270237423866902042786228266e+43
261.108 4.07492856687328001903771449322e+43
273.414 3.7124447582111489567624673249e+43
286.3 3.38220556669656422690993136166e+43
299.792 3.08134268397978877096388177304e+43
313.921 2.80724295105140962513382406537e+43
328.716 2.55746677299746411484838771463e+43
344.208 2.33002188389306978480186649957e+43
360.43 2.12275562317733984194739268928e+43
377.416 1.93388212852623615480214480063e+43
395.203 1.76189490628440249734692568999e+43
413.829 1.60516617702905103551362724218e+43
433.332 1.46234552351574672457564042438e+43
453.754 1.33229377897694243583980308001e+43
475.139 1.21378006386880605256904189828e+43
497.532 1.10580869376774627840652734244e+43
520.98 1.00744187815600792025732092637e+43
545.533 9.17825247334951417270495963311e+42
571.243 8.36180431755885518328700866139e+42
598.165 7.61798301454104316247983107637e+42
626.355 6.94032806866486590396716735275e+42
655.874 6.32295367536974812774098277666e+42
686.785 5.76049759972852326756396953225e+42
719.152 5.24807460249771235333184733985e+42
753.045 4.78123400913837042509176144143e+42
788.535 4.35592105326802432838907851398e+42
825.697 3.96844165879321612602635744973e+42
864.611 3.61543035483400110108799343834e+42
905.359 3.29382104476491912526975742369e+42
948.027 3.00082037548599687565964320467e+42
992.706 2.73388347561986564804613695262e+42
1039.49 2.49069185190966627288072157326e+42
1088.48 2.26913325183420400787238408433e+42
1139.78 2.06728331753759448317646504938e+42
1193.5 1.88338887172659104755511067957e+42
1249.74 1.71585269036497066281046867014e+42
1308.64 1.56321962990771811121558376805e+42
1370.32 1.42416398858167985779517055539e+42
1434.9 1.29747799193939646511073113013e+42
1502.52 1.18206130267596671647526677931e+42
1573.33 1.07691146359673126048163956126e+42
1647.48 9.81115190727114754100601494377e+41
1725.13 8.93840440940783669190355378072e+41
1806.43 8.14329185209248361981434648141e+41
1891.56 7.41890824704226508400549604366e+41
1980.71 6.75896192568483512968765834631e+41
2074.06 6.15772089256790734872310426295e+41
2171.8 5.6099630398384594439256476225e+41
2274.16 5.11093079037391740580450325098e+41
2381.34 4.65628977561747263469801418871e+41
2493.57 4.24209118921251748709665408308e+41
2611.08 3.86473748945485440393568666005e+41
2734.14 3.52095115267212004081876514096e+41
2863 3.20774620613407130248852120032e+41
2997.92 2.92240229324355113720756095167e+41
3139.21 2.6624410457484770194148577258e+41
3287.16 2.42560455775531038591011988199e+41
3442.08 2.20983577457934613648406664503e+41
3604.3 2.01326062609717583303236602227e+41
3774.16 1.83417174942097692940473933247e+41
3952.03 1.67101365951591873287226861371e+41
4138.29 1.52236923896045706579247346232e+41
4333.32 1.38694742950483990295950187383e+41
4537.54 1.26357201852264741495639376009e+41
4751.39 1.15117142295972820090973134819e+41
4975.32 1.04876938204797042217146018591e+41
5209.8 9.55476477945699270097697993923e+40
5455.33 8.70482410656173958316079781562e+40
5712.43 7.93048960128191758828503118611e+40
5981.65 7.22503574410341726139933873178e+40
6263.55 6.58233528168716703909460953147e+40
6558.74 5.99680600831699028816884470927e+40
6867.85 5.46336228138299240087436772449e+40
7191.52 4.97737084978939154822483336934e+40
7530.45 4.53461061162896747996266583362e+40
7885.35 4.13133107791884026877379615646e+40
8256.97 3.76383000412276085142182342979e+40
8646.11 3.42894090130305518582548561414e+40
9053.59 3.12399262542445037631767972083e+40
9480.27 2.84609898225686665077276058541e+40
9927.06 2.5928655647911317165270050363e+40
10394.9 2.36227253145317472034493734912e+40
10884.8 2.15213742595459774064505071158e+40
11397.8 1.96069481337331115568715376881e+40
11935 1.78628190970838478599291971908e+40
12497.4 1.62738384331302931579022371622e+40
13086.4 1.48258635919886395134244892746e+40
13703.2 1.35073452299281529507215049987e+40
14349 1.23058041811694272716645978516e+40
15025.2 5.86367647035360958798941806955e+39
15733.3 5.78508840470052870463424210873e+39
16474.8 5.72281886348539778180443236861e+39
17251.3 5.67518469615388277865030060391e+39
18064.3 5.64027137431895083659991027872e+39
18915.6 5.61694278355636458331797249878e+39
19807.1 5.60518563081068953217938110272e+39
20740.6 5.60415321255272624697208253736e+39
21718 5.61073813841526853025402874878e+39
22741.6 5.61500309523973694616020001821e+39
23813.4 5.61539097930938132676960060294e+39
24935.7 5.61164255544059749475273753479e+39
26110.8 5.60454034711304752282210591738e+39
27341.4 5.59461235391934879888737517483e+39
28630 5.58213068917726669848006788298e+39
29979.2 5.56685616163386150615925060494e+39
31392.1 5.54893963116671044240343243373e+39
32871.6 5.52764317075001916239460380572e+39
34420.8 5.50287946329353445401734254614e+39
36043 5.47520015303766185214940800296e+39
37741.6 5.44101596233993827385417942537e+39
39520.3 5.40069933336369144129590743335e+39
41382.9 5.35463657339786608300288715014e+39
43333.2 5.3027359262921321712815683389e+39
45375.4 5.24107048029803130642477213616e+39
47513.9 5.08042447994843859141893102618e+39
49753.2 4.90964397264037180959007910949e+39
52098 3.95922333071833884703792198413e+39
54553.3 2.6644648785896615446990544558e+39
57124.3 1.49640792650678749678529154332e+39
59816.5 7.01697614341073373559850492743e+38
62635.5 2.74726149993065380614797559334e+38
65587.4 8.98110967677822804215607956637e+37
68678.5 2.45126350846546003204221014952e+37
71915.2 5.59087780033949952088948460282e+36
75304.5 1.06787396882040089952573804803e+36
78853.5 1.70883448624908462177589308919e+35
82569.7 2.73722186188750011948092934953e+34
86461.1 4.38874148641820805504851985721e+33
90535.9 7.04303748768824870823690296623e+32
94802.7 1.13133181394195002492117185462e+32
99270.6 7.90241803552676608869244212347e+31
103949 5.44339687954371034430255335997e+31
108848 3.69419656370439256589376379945e+31
113978 2.46734568416676675591725572424e+31
119350 1.62013050758460654734505400074e+31
124974 1.04474427506978704431009612431e+31
130864 6.60784732486226886854902284288e+30
137032 4.09222967166074348215429863834e+30
143490 2.47417263968080162933672457011e+30
150252 1.45720280985459948918849247642e+30
157333 834276479834712394335757795328
164748 463233543677957241162482843648
172513 248822700947588667922672779264
180643 128943661995986629220756357120
189156 64262852631661600579260514304
198071 30690926560475619762441814016
207406 13990395760705108337892524032
217180 6063313168390355511075143680
227416 2490749202869212876852166656
238134 965005969754088634564214784
249357 350525808745047959661445120
261108 118546844952047770117603328
273414 37027978253794628742414336
286300 10584247822759164496576512
299792 2739870270527481827033088
