0.1005 76.7177
0.1015 67.63
0.1025 37.9766
0.1035 50.0006
0.1045 92.5344
0.1055 105.299
0.1065 92.0698
0.1075 106.387
0.1085 87.6757
0.1095 109.441
0.1105 147.072
0.1115 158.982
0.1125 168.29
0.1135 192.871
0.1145 176.059
0.1155 201.432
0.1165 221.28
0.1175 194.958
0.1185 188.379
0.1195 66.0053
0.1205 69.4815
0.1215 36.0063
0.1225 67.5289
0.1235 193.365
0.1245 283.52
0.1255 280.016
0.1265 176.197
0.1275 383.057
0.1285 455.426
0.1295 375.65
0.1305 298.927
0.1315 444.19
0.1325 467.074
0.1335 381.43
0.1345 526.927
0.1355 508.311
0.1365 440.238
0.1375 513.939
0.1385 525.607
0.1395 540.811
0.1405 540.474
0.1415 497.258
0.1425 544.283
0.1435 502.721
0.1442 562.178
0.1447 610.282
0.1455 586.286
0.1465 531.205
0.1475 512.31
0.1485 556.675
0.1495 597.104
0.1505 587.147
0.1512 511.558
0.1517 574.045
0.1525 498.495
0.1535 431.037
0.1545 573.689
0.1555 510.421
0.1565 479.144
0.1575 519.563
0.1585 575.578
0.1595 610.084
0.1605 573.653
0.1615 577.227
0.1625 521.437
0.1635 559.86
0.1645 586.156
0.1655 498.124
0.1665 581.027
0.1672 425.797
0.1677 584.299
0.1685 654.616
0.1695 601.2
0.1705 563.376
0.1715 542.367
0.1725 538.947
0.1735 588.897
0.1745 580.874
0.1755 657.409
0.1765 548.075
0.1775 614.572
0.1785 612.196
0.1795 692.945
0.1805 664.819
0.1815 640.791
0.1825 627.904
0.1835 596.327
0.1845 541.229
0.1855 566.918
0.1865 589.295
0.1875 631.817
0.1885 602.812
0.1895 604.458
0.1905 597.781
0.1915 608.75
0.1925 609.307
0.1935 586.62
0.1945 640.026
0.1955 620.933
0.1967 681.587
0.1976 689.015
0.1984 659.351
0.1995 634.181
0.2005 634.629
0.2015 602.634
0.2025 624.947
0.2035 623.593
0.2045 662.899
0.2055 628.041
0.2065 620.402
0.2074 675.691
0.2078 693.422
0.2085 702.58
0.2095 664.827
0.2105 641.027
0.2115 650.415
0.2125 662.76
0.2135 571.469
0.2145 640.343
0.2155 660.365
0.2165 616.802
0.2175 610.164
0.2185 620.116
0.2195 662.451
0.2205 628.8
0.2215 569.935
0.2225 554.19
0.2235 639.791
0.2245 583.713
0.2255 544.876
0.2265 560.569
0.2275 597.592
0.2285 639.153
0.2295 598.403
0.2305 596.99
0.2315 557.797
0.2325 408.968
0.2335 492.975
0.2345 447.712
0.2355 552.346
0.2365 453.013
0.2375 498.18
0.2385 418.806
0.2395 481.352
0.2405 457.854
0.2415 485.106
0.2425 566.451
0.2435 544.49
0.2445 603.118
0.2455 593.405
0.2465 587.151
0.2475 553.368
0.2485 565.36
0.2495 552.875
0.2505 655.892
0.2513 524.182
0.2518 524.882
0.2525 494.125
0.2535 521.929
0.2545 521.768
0.2555 613.816
0.2565 574.26
0.2575 643.469
0.2585 627.506
0.2595 606.304
0.2605 570.998
0.2615 556.509
0.2625 629.698
0.2635 698.907
0.2645 832.151
0.2655 901.893
0.2665 736.001
0.2675 804.399
0.2685 819.116
0.2695 744.289
0.2705 809.734
0.2715 718.351
0.2725 704.282
0.2735 781.431
0.2745 589.412
0.2755 634.824
0.2765 697.355
0.2775 755.333
0.2785 652.821
0.2795 420.625
0.2805 483.916
0.2815 749.187
0.2825 865.676
0.2835 834.732
0.2845 772.062
0.2855 693.517
0.2865 875.59
0.2875 920.975
0.2885 902.942
0.2895 925.804
0.291 1109.9
0.293 1033.65
0.295 1012.56
0.297 1058.29
0.299 1076.01
0.301 1111.93
0.303 1125.93
0.305 1144.17
0.307 1181.8
0.309 1202.98
0.311 1242.99
0.313 1215.99
0.315 1232.35
0.317 1273.01
0.319 1173.21
0.321 1261.95
0.323 1157.09
0.325 1348.56
0.327 1465.62
0.329 1456.64
0.331 1443.84
0.333 1455.29
0.335 1434.81
0.337 1288.1
0.339 1355.82
0.341 1382.41
0.343 1409.22
0.345 1455.06
0.347 1472.96
0.349 1555.66
0.351 1621.99
0.353 1543.65
0.355 1682.09
0.357 1404.45
0.359 1412.32
0.361 1569.78
0.363 1623.01
0.364 1652.29
0.365 1807.09
0.367 1835.01
0.369 1684.05
0.371 1845.9
0.373 1582.31
0.375 1886.25
0.377 2150.17
0.379 2420.93
0.381 2594.71
0.383 1896.21
0.385 2568.42
0.387 2768.51
0.389 2204.84
0.391 3104.13
0.393 2165.36
0.395 2832.21
0.397 1777.19
0.399 3446.11
0.401 3813.23
0.403 3826.75
0.405 3759.62
0.407 3608.42
0.409 3632.84
0.411 3183.35
0.413 3768.58
0.415 3872.81
0.417 3891.48
0.419 3874.73
0.421 3915.03
0.423 3799.86
0.425 3942.96
0.427 3781.07
0.429 3690.02
0.431 3347.66
0.433 3667.76
0.435 3457
0.437 4275.89
0.439 4040.53
0.441 4174.36
0.443 4318.9
0.445 4382.07
0.447 4566.28
0.449 4614.87
0.451 5086.69
0.453 4618.92
0.455 4741.05
0.457 5059.68
0.459 4839.01
0.461 4961.93
0.463 4840.8
0.465 4930.16
0.467 5086.33
0.469 4993.07
0.471 4843.58
0.473 5055
0.475 5181.21
0.477 5149.74
0.479 5158.26
0.481 5124.72
0.483 5221.09
0.485 4690.02
0.487 4151.72
0.489 5040.61
0.491 5116.17
0.493 5045.61
0.495 5267.15
0.497 5211.19
0.499 4905.66
0.501 4682.21
0.503 4943.62
0.505 4930.24
0.507 5139.1
0.509 4912.39
0.511 5026.42
0.513 4874.07
0.515 4733.01
0.517 4468.09
0.519 4587.24
0.521 4873.37
0.523 5137.33
0.525 5335.89
0.527 4798.76
0.529 5403.95
0.531 5670.5
0.533 5096.07
0.535 5533.83
0.537 5519.34
0.539 5412.05
0.541 5337.75
0.543 5438.91
0.545 5604.56
0.547 5489.42
0.549 5518.44
0.551 5481.47
0.553 5646.13
0.555 5730.1
0.557 5636.78
0.559 5529.06
0.561 5726.24
0.563 5688.33
0.565 5765.54
0.567 5646.84
0.569 5824.97
0.571 5664.86
0.573 6109.61
0.575 5889.55
0.577 5969.76
0.579 5763.19
0.581 5996.91
0.583 6171.75
0.585 6004.73
0.587 6015.69
0.589 5413.09
0.591 5950.31
0.593 6004.36
0.595 6013.25
0.597 6121.34
0.599 6025.94
0.601 5959.22
0.603 6122.08
0.605 6234.77
0.607 6235.47
0.609 6028.58
0.611 6058.38
0.613 5764.01
0.615 5906.89
0.617 5672.1
0.619 6019.57
0.621 5983.14
0.623 5815.58
0.625 5636.6
0.627 5919.59
0.629 6034.51
0.631 5879.95
0.633 5972.79
0.635 5963.96
0.637 5949.74
0.639 6095.61
0.641 5988.85
0.643 6056.62
0.645 6024.46
0.647 6032.56
0.649 5922.05
0.651 6123.1
0.653 6099.18
0.655 5867.86
0.657 5416.51
0.659 6036.66
0.661 6154.1
0.663 6118.49
0.665 6135.12
0.667 6015.38
0.669 6122.78
0.671 5914.25
0.673 6080.49
0.675 5990
0.677 6037.28
0.679 5973.65
0.681 6017.25
0.683 6092.64
0.685 5951.74
0.687 6062.77
0.689 6157.43
0.691 6145.17
0.693 6108.16
0.695 6112.52
0.697 6192.83
0.699 6174.38
0.701 6075.48
0.703 6221.22
0.705 6269.67
0.707 6112.05
0.709 5959.24
0.711 5832.61
0.713 5738.22
0.715 5738.73
0.717 5811.46
0.719 5684.58
0.721 5836.03
0.723 5956.68
0.725 6006.76
0.727 6049.1
0.729 5960.4
0.731 6134.19
0.733 6164.96
0.735 6233.88
0.737 6391.49
0.739 6275.87
0.741 6278.72
0.743 6431.38
0.745 6450.72
0.747 6553.58
0.749 6550.7
0.751 6639.85
0.753 6756.08
0.755 6815.19
0.757 6796.09
0.759 6683.69
0.761 6589.26
0.763 6488.01
0.765 6386.13
0.767 6107.99
0.769 6272.77
0.771 6175.58
0.773 6197.93
0.775 6167.47
0.777 6251.17
0.779 6328.85
0.781 6323.82
0.783 6284.51
0.785 6212.81
0.787 6331.63
0.789 6242.32
0.791 6117.97
0.793 6148.57
0.795 6107.72
0.797 6329.5
0.799 6343.22
0.801 6409.33
0.803 6440.65
0.805 6452.31
0.807 6536.53
0.809 6475.54
0.811 6553.46
0.813 6749.15
0.815 6830.2
0.817 6909.31
0.819 6720.81
0.821 6647.7
0.823 6706.52
0.825 6720.57
0.827 6815.77
0.829 6755.41
0.831 6529.29
0.833 6506.41
0.835 6519.76
0.837 6583.29
0.839 6379.44
0.841 6596.4
0.843 6308.73
0.845 6196.98
0.847 6209.35
0.849 6267.98
0.851 5978.82
0.853 6281.24
0.855 5694.57
0.857 6530.31
0.859 6412.07
0.861 6488.03
0.863 6700.74
0.865 6683.26
0.867 5923.41
0.869 6572.01
0.871 6848.34
0.873 6892.62
0.875 6717.57
0.877 6969.63
0.879 7095.75
0.881 6972.6
0.883 7055.84
0.885 7009.08
0.887 6674.28
0.889 6921.99
0.891 7051.74
0.893 6923.93
0.895 6968.71
0.897 7001.41
0.899 7007.21
0.901 6683.83
0.903 7008.85
0.905 7322.91
0.907 7329.2
0.909 7189.24
0.911 7306.89
0.913 7472.27
0.915 7433.76
0.917 7437.51
0.919 7528.9
0.921 7211.34
0.923 6925.04
0.925 7028.3
0.927 7129.43
0.929 7081.48
0.931 7152.57
0.933 7170.49
0.935 7162.92
0.937 7058.16
0.939 7191
0.941 7029.3
0.943 7257.62
0.945 7151.93
0.947 7345.21
0.949 7373.64
0.951 7238.81
0.953 7254.04
0.955 7014.11
0.957 7224.48
0.959 7422.58
0.961 7335.88
0.963 7382.68
0.965 7276.99
0.967 7284.14
0.969 7426.03
0.971 7330.17
0.973 7276.3
0.975 7256.7
0.977 7308.87
0.979 7219.74
0.981 7419.04
0.983 7348.4
0.985 7422.43
0.987 7380.99
0.989 7385.15
0.991 7343.37
0.993 7404.2
0.995 7432.68
0.997 7450.33
0.999 7432.6
1.003 7407.67
1.007 7319.17
1.013 7500.85
1.017 7444.53
1.022 7506.19
1.028 7569.87
1.032 7498.05
1.038 7485.04
1.043 7549.55
1.048 7471.44
1.052 7439.73
1.058 7340.83
1.063 7308.86
1.068 7250.08
1.072 7321.05
1.078 7312.06
1.082 7224.16
1.087 7230.89
1.092 7186.74
1.098 7172.34
1.102 7189.45
1.108 7122.87
1.113 7130.74
1.117 7101.55
1.122 7130.28
1.128 7063.86
1.133 7085.91
1.138 7070.63
1.143 7023.79
1.147 7139.05
1.153 7148.12
1.157 7084.59
1.162 7007.49
1.167 7024.92
1.173 7096.22
1.177 6956.78
1.183 6921.27
1.187 6828.18
1.192 6967.43
1.198 6764.08
1.203 6923.49
1.207 6877.43
1.212 6912.5
1.218 6963.33
1.223 6941.91
1.227 6911.08
1.232 6885.51
1.237 6896.6
1.243 6831.76
1.248 6835.42
1.253 6794.51
1.258 6794.18
1.262 6777.94
1.267 6735.7
1.272 6765.74
1.278 6783.73
1.283 6526.94
1.288 6710.39
1.292 6660.79
1.298 6758.96
1.302 6683.93
1.308 6739.71
1.313 6618.71
1.318 6622.34
1.323 6647.47
1.328 6553.14
1.332 6580.12
1.338 6533.16
1.343 6583.2
1.347 6540.4
1.352 6520.43
1.357 6444.65
1.363 6443.42
1.367 6484.68
1.373 6520.64
1.377 6520.85
1.382 6544.53
1.388 6508.64
1.393 6277.64
1.397 6257.57
1.402 6207.34
1.408 6279.96
1.412 6213.12
1.418 6297.49
1.423 6246
1.428 6166.72
1.433 6297.72
1.438 6358.88
1.442 6207.54
1.448 6347.84
1.452 6302.04
1.457 6363.46
1.462 6253.78
1.467 6243.17
1.472 6196.22
1.477 6253.5
1.483 6303.18
1.488 6255.46
1.492 6434.97
1.498 6391.43
1.503 6322.61
1.507 6343.55
1.512 6475.88
1.517 6517.99
1.522 6522.87
1.528 6594.44
1.533 6590.92
1.537 6603.92
1.543 6575.02
1.548 6608.98
1.552 6558.36
1.557 6392.72
1.562 6489.89
1.567 6459.39
1.572 6621.45
1.578 6250.92
1.583 6296.62
1.587 6260.62
1.593 6488.4
1.598 6408.57
1.605 6458.52
1.615 6573.6
1.625 6459.24
1.635 6659.47
1.645 6426.64
1.655 6628.13
1.665 6513.85
1.675 6516.44
1.685 6426.72
1.695 6515.7
1.705 6419.32
1.715 6377.48
1.725 6273.58
1.735 6116.03
1.745 6108.46
1.755 6033.43
1.765 5957.12
1.775 5836.04
1.785 5786.18
1.795 5676.67
1.805 5560.68
1.815 5482.62
1.825 5448.14
1.835 5402.94
1.845 5306.64
1.855 5284.84
1.865 5170.97
1.875 5066.31
1.885 5101.53
1.895 4946.75
1.905 5043.49
1.915 4979.13
1.925 4948.44
1.935 4843.85
1.945 4743.21
1.955 4770.26
1.965 4712.7
1.975 4619.31
1.985 4598.31
1.995 4570.88
2.005 4573.59
2.015 4538.73
2.025 4455.24
2.035 4433.41
2.045 4451.31
2.055 4403.64
2.065 4368.73
2.075 4354.84
2.085 4317.83
2.095 4267.72
2.105 4287.53
2.115 4235.25
2.125 4206.03
2.135 4213.02
2.145 4178.37
2.155 4139.11
2.165 4075.07
2.175 4053.59
2.185 4038.27
2.195 4015.47
2.205 3938.17
2.215 3961.48
2.225 3889.59
2.235 3865.05
2.245 3837.65
2.255 3814.78
2.265 3752.67
2.275 3763.05
2.285 3695.51
2.295 3178.62
2.305 3383.53
2.315 3377.4
2.325 2945.15
2.335 3154.54
2.345 3058.75
2.355 2758.48
2.365 2975.26
2.375 2877.79
2.385 2639.6
2.395 2804.76
2.405 2764.07
2.415 2553.69
2.425 2663.45
2.435 2615.38
2.445 2491.5
2.455 2462.88
2.465 2500.5
2.475 2410.12
2.485 2211.89
2.495 2205.85
2.505 2253.64
2.515 2117.3
2.525 2184.26
2.535 2189.48
2.545 2151.65
2.555 2150.37
2.565 2164.41
2.575 2196.74
2.585 2120.02
2.595 2147.39
2.605 2173.57
2.615 2136.43
2.625 2108.96
2.635 2131.51
2.645 2118.84
2.655 2104.55
2.665 2066.14
2.675 2111.23
2.685 2100.24
2.695 2049.43
2.705 2069.73
2.715 2057.54
2.725 2063.05
2.735 2023.05
2.745 2032.09
2.755 2028.39
2.765 2008.01
2.775 1979.11
2.785 1993.24
2.795 1995.21
2.805 1974.22
2.815 1952.24
2.825 1954.72
2.835 1948.65
2.845 1933.19
2.855 1921.46
2.865 1915.85
2.875 1899.98
2.885 1887.08
2.895 1880.37
2.905 1874.36
2.915 1865.07
2.925 1834.15
2.935 1843.79
2.945 1823.74
2.955 1818.47
2.965 1815.73
2.975 1801.6
2.985 1789.76
2.995 1781.07
3.005 1769
3.015 1772.44
3.025 1754.41
3.035 1740.37
3.045 1750.27
3.055 1735.18
3.065 1731.69
3.075 1728.14
3.085 1712.73
3.095 1716.6
3.105 1716.25
3.115 1694.61
3.125 1699.21
3.135 1690.99
3.145 1686.1
3.155 1681.13
3.165 1690.24
3.175 1732.93
3.185 1806.58
3.195 1932.74
3.21 2108.07
3.23 2298.61
3.25 2430.3
3.27 2498.47
3.29 2504.15
3.31 2453.24
3.33 2355.02
3.35 2220.6
3.37 2061.49
3.39 1888.43
3.41 1710.67
3.43 1537.66
3.45 1532.49
3.47 1523.38
3.49 1517.03
3.51 1511.37
3.53 1500.73
3.55 1496.56
3.57 1488.44
3.59 1482.1
3.61 1482.49
3.63 1474.86
3.65 1468.06
3.67 1462
3.69 1452.87
3.71 1446.58
3.73 1447.36
3.75 1435.59
3.77 1438.01
3.79 1433.24
3.81 1435.71
3.83 1444.4
3.85 1455.3
3.87 1460.01
3.89 1474.45
3.91 1485.33
3.93 1499.57
3.95 1505.48
3.97 1520.68
3.99 1526.93
4 1530.29
4.57886 1743.6
5.24148 1857.38
5.30259 1853.53
5.36199 1847.55
5.4511 1956.89
5.51051 2748.76
5.59962 2593.06
5.65902 2895.87
5.74814 2289.83
5.80754 1816.35
5.89666 1574
5.95606 1562.07
6.04518 1960.81
6.10458 2455.92
6.19369 4956.8
6.2531 4510.11
6.34221 3126.77
6.40161 2675.13
6.49073 2511.53
6.55013 2579.72
6.63925 2991.72
6.69865 3002.69
6.78776 2550.39
6.84717 2407.96
6.90658 3566.2
6.99569 4331.75
7.0551 3680.83
7.1442 4021.12
7.20362 3978.06
7.26302 4421.42
7.29272 4419.24
7.32242 5538
7.38184 5532.59
7.41154 6322.45
7.44124 7807.57
7.56006 9014.62
7.61946 9596.33
7.67886 10361.3
7.73828 10890
7.85709 9634.13
7.9165 9078.8
7.9759 9301.57
8.03531 8698.54
8.09471 7792.22
8.21353 6113.49
8.27293 5671.57
8.33234 5648.06
8.39175 4856.3
8.51057 4039.27
8.56997 3787.06
8.74819 2169.17
8.86701 1353.31
9.04523 812.717
9.16404 628.823
9.34226 504.469
9.46107 463.133
9.75811 428.437
9.87692 370.381
10.0551 381.427
10.174 418.503
10.3522 479.045
10.471 587.261
10.6492 719.96
10.768 766.131
10.8868 851.375
11.0651 1344.63
11.1839 2961.03
11.3621 3150.14
11.4809 2569.51
11.6591 2438.75
11.7779 2695.23
11.9562 3603.01
12.075 4116.95
12.2532 5513.9
12.372 6317.63
12.5502 7741.08
12.669 8659.02
12.8473 11376.6
12.9661 8471.48
13.1443 8478.99
13.2631 8614.79
13.4413 8775.76
13.5601 9117.04
13.6525 8421.59
13.7384 9031.76
13.8189 9508.19
13.9166 9607.39
13.9852 9978.24
14.0948 9139.98
14.2347 10925.9
14.4842 11223.8
14.6506 11347.9
14.9001 11571.4
15.0664 11129.4
15.3159 10495
15.4823 10219.7
15.7318 9400.73
15.8981 8864.54
16.1476 8154.8
16.314 8341.76
16.5635 8523.28
16.7298 8456.13
16.8961 8555.86
17.1456 8897.47
17.312 8594.73
17.5615 8320.04
17.7278 8304.06
17.9773 8387.9
18.1437 8390.94
18.3932 8581.35
18.5595 9075.89
18.809 9797.81
18.9754 9954.15
19.1417 11506.9
19.2249 11360.9
19.3912 12111.3
19.4744 13738.3
19.6407 14612.5
19.8071 16009.2
19.8902 14780.1
19.9734 15709.6
20.1397 17112.9
20.2229 16728.7
20.3061 16961
20.8051 20359.6
21.1378 22772.2
21.6368 25766
21.9695 27968.3
22.4685 31139.5
22.8012 32801.6
23.3002 38054.6
23.6328 41351
24.1319 51026.2
24.4645 53077.4
24.9636 65646.8
25.2962 66659.3
25.7953 76224.1
26.1279 80535.3
26.627 86448.8
26.9596 96320.7
27.4586 97330
27.7913 106938
28.2903 110474
28.623 109551
28.9557 122224
29.4547 130098
29.7874 132720
30.2864 138541
30.6191 140604
31.1181 153163
31.4508 147361
31.9498 151501
32.2825 149131
32.7815 160576
33.1142 153423
33.6132 156412
33.9459 158492
34.4449 167333
34.7776 161660
35.2766 164841
35.6092 175570
36.1083 175474
38 185516
40 193820
42 201185
44 207644
46 213239
48 218015
50 222022
52 225308
54 227924
56 229920
58 231344
60 232243
62 232662
64 232642
66 232224
68 231443
70 230541
80 220850
100 182449
109.75 151979
120.45 126597
132.194 105454
145.083 87842
159.228 68890.2
174.753 53386.9
191.791 42282.8
210.49 30328.5
231.013 20996.7
253.536 14536.2
278.256 10063.6
305.386 6967.11
335.16 4823.35
367.838 3090.52
403.702 2132.92
443.062 1472.03
486.26 1015.92
533.67 701.13
585.702 483.886
642.807 333.953
705.48 230.477
774.264 159.063
849.753 131.81
932.603 87.8717
1023.53 58.5803
1123.32 38.9567
1232.85 25.9328
1353.05 18.9737
1484.97 13.8822
1629.75 10.157
1788.65 8.68479
1963.04 7.46754
2154.44 6.42092
2364.49 5.52097
2595.02 4.99508
2848.04 4.60203
3125.71 4.2399
3430.47 3.90628
3764.94 3.59891
4132.01 3.31571
4534.88 3.05481
4977.02 2.81443
5462.28 2.59297
5994.84 2.39768
6579.33 2.245
7220.81 2.10205
7924.83 1.96819
8697.49 1.84286
9545.48 1.72551
