0.10179 14042.1
0.1038 17215.4
0.10581 13284.7
0.10785 12649.2
0.10986 11749.6
0.11187 12484.8
0.11388 12473.8
0.11589 12933.4
0.11793 15903.1
0.11994 24540
0.12195 46815
0.12396 25618.7
0.12597 17052.4
0.12801 14087.6
0.13002 14241.7
0.132652 13348.5
0.134573 13425.6
0.136438 13075.5
0.138302 13861.6
0.140166 16049
0.142087 13677.4
0.143952 12945.1
0.145816 12847.9
0.14768 12879.8
0.149545 13401.2
0.151465 14161.5
0.15333 17403.7
0.155194 23236.4
0.157059 15249.4
0.158979 13483.9
0.160844 13315.9
0.162708 13307.1
0.164573 13261.9
0.166437 13143.9
0.168358 12275.2
0.170222 12038.1
0.172086 12248.6
0.173951 12307.9
0.175872 12176.8
0.177736 11998.8
0.1796 11974.3
0.181465 11950.6
0.183386 11926.3
0.18525 12474.2
0.187114 12695.3
0.188979 14016.1
0.190843 15944.2
0.192764 13209
0.194628 11968
0.196493 11405.8
0.198357 11213.8
0.200278 11320.2
0.202142 11089.1
0.204007 11071
0.205871 11256.2
0.207735 11451
0.209656 11200.7
0.211521 10959.8
0.213385 10769.8
0.215249 10639.6
0.21717 10690.9
0.219035 10549.7
0.220899 10501.8
0.222763 10666.3
0.224684 10456.2
0.226549 10605
0.228413 10824.7
0.230277 11090.7
0.232142 11418.4
0.234062 11280.5
0.235927 11190.8
0.237791 11126.6
0.239656 11194.4
0.241576 11435.8
0.243441 11552.3
0.245305 11371.8
0.24717 11509.5
0.249034 11437.3
0.250955 11391.3
0.252819 11344.7
0.254683 11237.3
0.256548 11092.3
0.258469 11041.7
0.260333 11020.9
0.262197 10957.9
0.264062 10646.8
0.265983 10439.5
0.267847 10531.6
0.269711 10721
0.271576 11010.8
0.27344 11455.5
0.275361 12001.8
0.277225 12694.1
0.27909 15481.8
0.280954 14765.3
0.282875 12720.6
0.284739 11882.4
0.286604 11319.9
0.288468 10961.2
0.290332 10676.6
0.292253 10715.8
0.294118 10909.7
0.295982 10824.9
0.297846 10674.2
0.299767 10302.8
0.301632 9876.97
0.303496 9839.55
0.30536 9754.88
0.307281 9855.21
0.309146 9755.53
0.31101 9956.46
0.312874 10248.4
0.314739 10087.1
0.316659 10209.3
0.318524 10481.7
0.320388 10367
0.322253 10211.2
0.324173 10052.2
0.326038 10093.6
0.327902 10048.6
0.329767 9907.85
0.331631 9694.17
0.333552 9717.87
0.335416 9617.72
0.33728 9520.47
0.339145 9506.64
0.341066 9624.47
0.34293 10004.3
0.344794 9439.36
0.346659 9386.73
0.34858 9401.06
0.350444 9265.11
0.352308 9018.2
0.354173 8837.93
0.356037 8802.02
0.357958 8864.58
0.359822 8865.15
0.361687 8759.44
0.363551 8783.28
0.365472 8727.65
0.367336 8593.94
0.369201 8562.99
0.371065 8605.37
0.372929 10141.8
0.37485 8420.52
0.376715 8368.91
0.378579 8180.15
0.380443 7943.12
0.382364 8005.82
0.384229 7994.58
0.386093 8475.09
0.387957 8299.68
0.389878 7938.97
0.391743 7812.41
0.393607 7543.79
0.395471 7773.26
0.397336 7913.11
0.399256 7498.91
0.401121 7465.18
0.402985 7431.77
0.40485 7398.67
0.40677 7364.86
0.408635 7332.34
0.410499 7300.11
0.412364 7268.16
0.414228 7236.48
0.416149 7204.16
0.418013 7173.02
0.419877 7142.23
0.421742 7111.67
0.423663 7080.43
0.425527 7050.43
0.427391 7020.62
0.429256 6991.12
0.431177 6961.01
0.433041 6931.99
0.434905 6903.2
0.43677 6874.72
0.438634 6846.42
0.440555 6817.5
0.442419 6789.67
0.444284 6762.14
0.446148 6734.74
0.448069 6706.83
0.449933 6679.93
0.451798 6653.22
0.453662 6626.78
0.455583 6599.76
0.457447 6573.7
0.459312 6547.91
0.461176 6522.23
0.46304 6496.82
0.464961 6470.82
0.466826 6445.84
0.46869 6421.01
0.470554 6396.38
0.472475 6371.18
0.47434 6347
0.476204 6322.94
0.478068 6299.07
0.479933 6275.36
0.481853 6251.13
0.483718 6227.87
0.485582 6204.67
0.487447 6181.75
0.489367 6158.19
0.491232 6135.64
0.493096 6113.16
0.49496 6090.83
0.496881 6068.06
0.498746 6046.1
0.50061 6024.34
0.502474 6002.65
0.504339 5981.21
0.50626 5959.24
0.508124 5938.09
0.509988 5917.08
0.511853 5896.19
0.513774 5874.85
0.515638 5854.3
0.517502 5833.9
0.519367 5813.64
0.521231 5793.48
0.523152 5772.93
0.525016 5753.07
0.526881 5733.36
0.528745 5713.78
0.530666 5693.78
0.53253 5674.48
0.534395 5655.29
0.536259 5636.3
0.53818 5616.82
0.540044 5598.04
0.541909 5579.39
0.543773 5560.89
0.545637 5542.47
0.547558 5523.66
0.549423 5505.55
0.551287 5487.52
0.553151 5469.62
0.555072 5451.28
0.556937 5433.64
0.558801 5416.08
0.560665 5398.66
0.56253 5381.35
0.56445 5363.61
0.566315 5346.5
0.568179 5329.53
0.570044 5312.64
0.571964 5295.4
0.573829 5278.74
0.575693 5262.2
0.577558 5245.75
0.579478 5228.93
0.581343 5212.69
0.583207 5196.57
0.585071 5180.51
0.586936 5164.6
0.588857 5148.31
0.590721 5132.59
0.592585 5116.94
0.59445 5101.39
0.596371 5085.51
0.598235 5070.14
0.600099 5054.93
0.601964 5039.77
0.603828 5024.71
0.605749 5009.27
0.607613 4994.38
0.609478 4979.62
0.611342 4964.91
0.613263 4949.88
0.615127 4935.34
0.616992 4920.92
0.618856 4906.58
0.620777 4891.87
0.622641 4877.68
0.624506 4863.61
0.62637 4849.59
0.628234 4835.64
0.630155 4821.4
0.63202 4807.63
0.633884 4793.93
0.635748 4780.34
0.637669 4766.4
0.639533 4752.93
0.641398 4739.57
0.643262 4726.26
0.645127 4713.05
0.647047 4699.5
0.648912 4686.44
0.650776 4673.44
0.652641 4660.52
0.654561 4647.28
0.656426 4634.5
0.65829 4621.79
0.660154 4609.16
0.662075 4596.22
0.66394 4583.73
0.665804 4571.3
0.667668 4558.94
0.669533 4546.66
0.671454 4534.08
0.673318 4521.93
0.675182 4509.84
0.677047 4497.82
0.678968 4485.51
0.680832 4473.61
0.682696 4461.79
0.684561 4450.03
0.686425 4438.33
0.688346 4426.34
0.69021 4414.76
0.692075 4403.26
0.693939 4391.81
0.69586 4380.08
0.697724 4368.74
0.699589 4357.47
0.701453 4346.27
0.703374 4334.77
0.705238 4323.68
0.707103 4312.65
0.708967 4301.67
0.710831 4290.75
0.712752 4279.56
0.714617 4268.75
0.716481 4258
0.718345 4247.3
0.720266 4236.34
0.72213 4225.75
0.723995 4215.22
0.725859 4204.74
0.727724 4194.32
0.729644 4183.62
0.731509 4173.3
0.733373 4163.04
0.735238 4152.82
0.737158 4142.34
0.739023 4132.22
0.740887 4122.16
0.742751 4112.15
0.744672 4101.88
0.746537 4091.98
0.748401 4082.11
0.750265 4072.29
0.75213 4062.52
0.754051 4052.5
0.755915 4042.83
0.757779 4033.2
0.759644 4023.62
0.761565 4013.8
0.763429 4004.31
0.765293 3994.87
0.767158 3985.47
0.769022 3976.11
0.770943 3966.52
0.772807 3957.27
0.774672 3948.05
0.776536 3938.87
0.778457 3929.46
0.780321 3920.37
0.782186 3911.34
0.78405 3902.33
0.785971 3893.1
0.787835 3884.18
0.7897 3875.31
0.791564 3866.47
0.793428 3857.68
0.795349 3848.66
0.797213 3839.94
0.799078 3831.28
0.8 3827
0.816798 3750.8
0.833948 3677.75
0.851459 3605.9
0.869337 3535.21
0.88759 3465.69
0.906227 3397.33
0.925255 3330.08
0.944683 3263.96
0.964519 3198.96
0.984771 3135.04
1.00545 3072.21
1.02656 3010.44
1.04811 2956.2
1.07012 2934.09
1.09259 2915.29
1.11553 2899.8
1.13896 2887.56
1.16287 2878.5
1.18729 2872.61
1.21222 2869.88
1.23767 2870.27
1.26366 2873.82
1.29019 2880.5
1.31728 2890.38
1.34494 2903.46
1.37318 2919.79
1.40201 2939.41
1.43145 2950.45
1.46151 2960.68
1.4922 2972.3
1.52353 2985.31
1.55552 2999.74
1.58818 3015.62
1.62153 3032.96
1.65557 3051.79
1.69033 3072.14
1.72583 3094.05
1.76206 3117.51
1.79906 3142.58
1.83684 3169.28
1.87541 3197.71
1.91478 3225.6
1.95499 3251.72
1.99604 3278.84
2.03795 3306.96
2.08074 3336.11
2.12443 3366.33
2.16904 3397.65
2.21458 3430.05
2.26108 3463.59
2.30856 3498.28
2.35703 3534.18
2.40652 3571.28
2.45705 3609.63
2.50864 3649.24
2.56132 3690.2
2.6151 3732.51
2.67001 3754.78
2.72607 3763.58
2.78331 3769.3
2.84175 3771.97
2.90142 3771.53
2.96234 3768.04
3.02454 3761.47
3.08805 3751.86
3.15289 3739.2
3.21909 3728.45
3.28668 3719.6
3.35569 3712.63
3.42615 3707.54
3.49809 3704.3
3.57154 3702.9
3.64653 3703.38
3.7231 3705.72
3.80127 3709.92
3.88109 3715.98
3.96258 3723.9
4.04578 3733.73
4.13073 3745.44
4.21747 3759.09
4.30602 3774.67
4.39644 3792.21
4.48875 3811.74
4.583 3833.29
4.67923 3856.91
4.77748 3882.61
4.87779 3910.44
4.98021 3916.37
5.08478 3921.01
5.19155 3925.34
5.30056 3929.37
5.41185 3933.08
5.52549 3936.49
5.64151 3939.58
5.75996 3942.36
5.88091 3944.83
6.00439 3946.97
6.13046 3948.81
6.25918 3950.34
6.39061 3951.54
6.52479 3952.43
6.66179 3953.01
6.80167 3953.27
6.94449 3953.21
7.0903 3952.84
7.23918 3952.16
7.39118 3951.15
7.54638 3951.85
7.70483 3952.8
7.86661 3953.66
8.03178 3954.45
8.20043 3955.13
8.37261 3955.73
8.54841 3956.25
8.72791 3956.67
8.91117 3957.01
9.09828 3957.25
9.28931 3957.42
9.48436 3957.49
9.68351 3957.47
9.88683 3957.35
10.0944 3957.17
10.3064 3956.87
10.5228 3956.5
10.7437 3956.03
10.9693 3955.49
11.1996 3954.84
11.4348 3954.12
11.6749 3955.25
11.92 3958.12
12.1703 3961.23
12.4259 3964.57
12.6868 3968.15
12.9532 3971.97
13.2252 3976.04
13.5028 3980.33
13.7864 3984.86
14.0758 3989.64
14.3714 3994.66
14.6731 3999.92
14.9812 4005.42
15.2958 4011.17
15.617 4017.18
15.9449 4023.41
16.2797 4029.91
16.6215 4036.65
16.9705 4043.63
17.3268 4050.88
17.6907 4052.13
18.0621 4044.72
18.4414 4036.2
18.8286 4026.57
19.2239 4015.83
19.6276 4003.99
20.0397 3991.09
20.4605 3977.09
20.8901 3962.04
21.3287 3945.94
21.7766 3928.8
22.2338 3910.66
22.7006 3891.47
23.1773 3871.3
23.6639 3849.5
24.1608 3824.39
24.6681 3798.02
25.1861 3770.38
25.7149 3741.52
26.2549 3711.47
26.8061 3680.26
27.369 3647.93
27.9437 3614.49
28.5304 3580.02
29.1295 3544.51
29.7411 3508.02
30.3656 3470.58
31.0032 3432.24
31.6541 3393.03
32.3188 3352.98
32.9974 3312.44
33.6902 3272
34.3976 3230.93
35.1199 3189.28
35.8573 3147.1
36.6102 3104.41
37.3789 3061.26
38.1638 3017.67
38.9651 2973.7
39.7832 2929.36
40.6186 2884.69
41.4714 2839.74
42.3422 2794.53
43.2313 2749.1
44.139 2703.49
45.0658 2657.72
46.0121 2611.84
46.9782 2565.87
47.9646 2519.86
48.9717 2473.82
50.3691 2414.88
51.6078 2369.15
52.877 2324.04
54.1775 2279.53
55.5099 2235.64
56.875 2192.35
58.2738 2149.66
59.7069 2107.58
61.1753 2066.09
62.6798 2025.2
64.2213 1984.9
65.8007 1945.2
67.419 1906.08
69.077 1867.54
70.7759 1829.57
72.5165 1792.19
74.2999 1755.38
76.1272 1719.13
77.9994 1681.98
79.9177 1644.73
81.8831 1607.92
83.8969 1571.57
85.9602 1535.67
88.0742 1500.24
90.2403 1465.26
92.4596 1430.77
94.7334 1396.74
97.0633 1363.21
99.4503 1330.15
101.896 1297.59
104.402 1265.53
106.97 1233.95
109.6 1202.89
112.296 1172.33
115.058 1142.26
117.887 1112.71
120.787 1083.65
123.757 1055.11
126.801 1027.07
129.919 999.538
133.114 972.512
136.388 945.987
139.742 908.858
143.179 871.638
146.7 834.89
150.308 798.68
154.005 763.07
157.792 728.136
161.673 693.915
165.649 660.472
169.723 627.844
173.897 596.077
178.173 565.204
182.555 535.251
187.045 506.241
191.645 478.2
196.358 451.144
201.187 425.08
206.135 400.015
211.205 375.951
216.399 352.893
221.721 331.125
227.174 310.44
232.76 290.717
238.485 271.935
244.35 254.078
250.359 237.121
256.516 221.045
262.825 205.821
269.289 191.428
275.912 177.838
282.697 165.026
289.65 152.961
296.773 141.617
300 136.791
800 6.0532
1200 1.66811
1272 1.38606
1447 0.920084
1646 0.551762
1873 0.341796
2131 0.221172
2425 0.151118
2759 0.10959
3139 0.0842982
3572 0.0682581
4064 0.0576109
4624 0.0501094
5261 0.0445341
5986 0.0401668
6046 0.038585
