0.0912 30.0576
0.092 30.575
0.093 31.223
0.094 31.903
0.095 32.5777
0.096 33.2465
0.097 33.9095
0.098 34.5663
0.099 35.2161
0.1 35.8573
0.101 36.4919
0.102 37.1199
0.103 37.7413
0.104 38.3558
0.105 38.9635
0.106 39.5616
0.107 40.1529
0.108 40.7375
0.109 41.3152
0.11 41.8862
0.111 42.4505
0.112 43.006
0.113 43.555
0.114 44.0976
0.115 44.6339
0.116 45.1643
0.117 45.6887
0.118 46.2061
0.119 46.7174
0.12 47.2234
0.121 47.7246
0.122 48.2208
0.123 48.7125
0.124 49.1992
0.125 49.6813
0.126 50.1599
0.127 50.6351
0.128 51.1072
0.129 51.5767
0.13 52.0434
0.131 52.1483
0.132 52.2462
0.133 52.3375
0.134 52.4223
0.135 52.5012
0.136 52.5744
0.137 52.6425
0.138 52.7059
0.139 52.7651
0.14 52.8205
0.141 52.7435
0.142 52.6616
0.143 52.5759
0.144 52.4865
0.145 52.3935
0.146 52.2977
0.147 52.1995
0.148 52.0991
0.149 51.9982
0.15 51.8965
0.151 51.7943
0.152 51.692
0.153 51.5899
0.154 51.4889
0.155 51.3902
0.156 51.2942
0.157 51.2005
0.158 51.1096
0.159 51.0221
0.16 50.9383
0.161 50.8597
0.162 50.7872
0.163 50.72
0.164 50.6585
0.165 50.6032
0.166 50.5545
0.167 50.5138
0.168 50.4825
0.169 50.4592
0.17 50.4445
0.171 50.5951
0.172 50.7568
0.173 50.9306
0.174 51.1192
0.175 51.3203
0.176 51.5344
0.177 51.7618
0.178 52.0028
0.179 52.2579
0.18 52.531
0.181 53.1502
0.182 53.7883
0.183 54.4456
0.184 55.1225
0.185 55.8196
0.186 56.5398
0.187 57.2815
0.188 58.0442
0.189 58.8284
0.19 59.634
0.191 60.9854
0.192 62.3671
0.193 63.7784
0.194 65.2176
0.195 66.6856
0.196 68.1822
0.197 69.7076
0.198 71.2642
0.199 72.8522
0.2 74.4701
0.201 75.934
0.202 77.4257
0.203 78.9461
0.204 80.4958
0.205 82.0773
0.206 83.6874
0.207 85.3266
0.208 86.9946
0.209 88.6919
0.21 90.4186
0.211 91.7924
0.212 93.1921
0.213 94.6174
0.214 96.0685
0.215 97.5454
0.216 99.0485
0.217 100.581
0.218 102.139
0.219 103.724
0.22 105.334
0.221 105.556
0.222 105.79
0.223 106.04
0.224 106.304
0.225 106.581
0.226 106.87
0.227 107.172
0.228 107.487
0.229 107.816
0.23 108.159
0.231 108.303
0.232 108.456
0.233 108.62
0.234 108.794
0.235 108.978
0.236 109.174
0.237 109.379
0.238 109.593
0.239 109.816
0.24 110.047
0.241 112.051
0.242 114.079
0.243 116.13
0.244 118.203
0.245 120.297
0.246 122.414
0.247 124.552
0.248 126.713
0.249 128.895
0.25 131.097
0.251 135.156
0.252 139.249
0.253 143.376
0.254 147.538
0.255 151.733
0.256 155.962
0.257 160.222
0.258 164.516
0.259 168.841
0.26 173.198
0.261 182.36
0.262 191.589
0.263 200.885
0.264 210.248
0.265 219.676
0.266 229.17
0.267 238.729
0.268 248.352
0.269 258.04
0.27 267.791
0.271 277.606
0.272 287.483
0.273 297.423
0.274 307.424
0.275 317.486
0.276 327.609
0.277 337.793
0.278 348.036
0.279 358.338
0.28 368.698
0.281 382.458
0.282 396.299
0.283 410.222
0.284 424.225
0.285 438.306
0.286 452.467
0.287 466.707
0.288 481.026
0.289 495.423
0.29 509.897
0.2904 515.388
0.2908 520.891
0.2912 526.408
0.2916 531.932
0.292 537.47
0.2924 543.02
0.2928 548.578
0.2932 554.149
0.2936 559.733
0.294 565.324
0.2944 571.736
0.2948 578.162
0.2952 584.599
0.2956 591.05
0.296 597.516
0.2964 603.992
0.2968 610.483
0.2972 616.988
0.2976 623.502
0.298 630.032
0.2984 633.847
0.2988 637.664
0.2992 641.489
0.2996 645.32
0.3 649.153
0.3004 652.994
0.3008 656.842
0.3012 660.691
0.3016 664.548
0.302 668.412
0.3024 668.958
0.3028 669.504
0.3032 670.046
0.3036 670.582
0.304 671.117
0.3044 671.648
0.3048 672.173
0.3052 672.696
0.3056 673.216
0.306 673.729
0.3064 678.725
0.3068 683.728
0.3072 688.736
0.3076 693.755
0.308 698.781
0.3084 703.812
0.3088 708.854
0.3092 713.903
0.3096 718.956
0.31 724.021
0.3104 737.324
0.3108 750.654
0.3112 764.015
0.3116 777.405
0.312 790.82
0.3124 804.267
0.3128 817.742
0.3132 831.243
0.3136 844.775
0.314 858.335
0.3144 873.646
0.3148 888.993
0.3152 904.372
0.3156 919.782
0.316 935.227
0.3164 950.704
0.3168 966.211
0.3172 981.754
0.3176 997.328
0.318 1012.93
0.3184 1019.26
0.3188 1025.59
0.3192 1031.92
0.3196 1038.27
0.32 1044.63
0.3204 1050.99
0.3208 1057.37
0.3212 1063.75
0.3216 1070.14
0.322 1076.55
0.3224 1076.17
0.3228 1075.79
0.3232 1075.41
0.3236 1075.01
0.324 1074.6
0.3244 1074.19
0.3248 1073.77
0.3252 1073.34
0.3256 1072.9
0.326 1072.46
0.3264 1076.48
0.3268 1080.51
0.3272 1084.53
0.3276 1088.56
0.328 1092.6
0.3284 1096.63
0.3288 1100.67
0.3292 1104.71
0.3296 1108.75
0.33 1112.79
0.3304 1114.73
0.3308 1116.66
0.3312 1118.58
0.3316 1120.51
0.332 1122.42
0.3324 1124.34
0.3328 1126.26
0.3332 1128.17
0.3336 1130.07
0.334 1131.98
0.3344 1133.27
0.3348 1134.55
0.3352 1135.84
0.3356 1137.11
0.336 1138.38
0.3364 1139.65
0.3368 1140.91
0.3372 1142.17
0.3376 1143.43
0.338 1144.67
0.3384 1149.32
0.3388 1153.97
0.3392 1158.62
0.3396 1163.28
0.34 1167.94
0.3404 1172.6
0.3408 1177.27
0.3412 1181.94
0.3416 1186.61
0.342 1191.28
0.3424 1195.34
0.3428 1199.39
0.3432 1203.44
0.3436 1207.5
0.344 1211.56
0.3444 1215.62
0.3448 1219.68
0.3452 1223.74
0.3456 1227.8
0.346 1231.87
0.3464 1238.15
0.3468 1244.44
0.3472 1250.74
0.3476 1257.04
0.348 1263.34
0.3484 1269.66
0.3488 1275.98
0.3492 1282.31
0.3496 1288.65
0.35 1294.98
0.3504 1292.68
0.3508 1290.36
0.3512 1288.02
0.3516 1285.68
0.352 1283.32
0.3524 1280.94
0.3528 1278.55
0.3532 1276.16
0.3536 1273.74
0.354 1271.31
0.3544 1269.52
0.3548 1267.71
0.3552 1265.89
0.3556 1264.07
0.356 1262.22
0.3564 1260.36
0.3568 1258.5
0.3572 1256.61
0.3576 1254.72
0.358 1252.82
0.3584 1267.61
0.3588 1282.44
0.3592 1297.29
0.3596 1312.16
0.36 1327.06
0.3604 1341.98
0.3608 1356.93
0.3612 1371.9
0.3616 1386.9
0.362 1401.92
0.3624 1419.61
0.3628 1437.35
0.3632 1455.1
0.3636 1472.89
0.364 1490.72
0.3644 1508.56
0.3648 1526.44
0.3652 1544.36
0.3656 1562.3
0.366 1580.27
0.3664 1585.88
0.3668 1591.48
0.3672 1597.1
0.3676 1602.72
0.368 1608.33
0.3684 1613.95
0.3688 1619.58
0.3692 1625.21
0.3696 1630.84
0.37 1636.48
0.3704 1629.92
0.3708 1623.34
0.3712 1616.75
0.3716 1610.12
0.372 1603.47
0.3724 1596.8
0.3728 1590.1
0.3732 1583.39
0.3736 1576.65
0.374 1569.89
0.3744 1558.65
0.3748 1547.38
0.3752 1536.08
0.3756 1524.74
0.376 1513.38
0.3764 1501.97
0.3768 1490.54
0.3772 1479.08
0.3776 1467.58
0.378 1456.05
0.3784 1442.06
0.3788 1428.04
0.3792 1413.98
0.3796 1399.88
0.38 1385.74
0.3804 1371.57
0.3808 1357.36
0.3812 1343.1
0.3816 1328.82
0.382 1314.49
0.3824 1316.91
0.3828 1319.33
0.3832 1321.75
0.3836 1324.16
0.384 1326.58
0.3844 1328.99
0.3848 1331.39
0.3852 1333.8
0.3856 1336.2
0.386 1338.6
0.3864 1352.3
0.3868 1366.03
0.3872 1379.77
0.3876 1393.54
0.388 1407.32
0.3884 1421.13
0.3888 1434.96
0.3892 1448.81
0.3896 1462.67
0.39 1476.57
0.3904 1496.19
0.3908 1515.84
0.3912 1535.54
0.3916 1555.26
0.392 1575.01
0.3924 1594.8
0.3928 1614.61
0.3932 1634.46
0.3936 1654.35
0.394 1674.26
0.3944 1726.31
0.3948 1778.46
0.3952 1830.7
0.3956 1883.04
0.396 1935.49
0.3964 1988.02
0.3968 2040.66
0.3972 2093.39
0.3976 2146.22
0.398 2199.15
0.3984 2249.26
0.3988 2299.46
0.3992 2349.75
0.3996 2400.14
0.4 2450.62
0.4004 2501.19
0.4008 2551.85
0.4012 2602.61
0.4016 2653.45
0.402 2704.39
0.4024 2724.51
0.4028 2744.65
0.4032 2764.84
0.4036 2785.04
0.404 2805.28
0.4044 2825.55
0.4048 2845.85
0.4052 2866.18
0.4056 2886.55
0.406 2906.94
0.4064 2905.06
0.4068 2903.17
0.4072 2901.26
0.4076 2899.35
0.408 2897.42
0.4084 2895.47
0.4088 2893.52
0.4092 2891.55
0.4096 2889.56
0.41 2887.57
0.4104 2876.55
0.4108 2865.5
0.4112 2854.42
0.4116 2843.31
0.412 2832.17
0.4124 2821
0.4128 2809.8
0.4132 2798.57
0.4136 2787.3
0.414 2776.01
0.4144 2781.36
0.4148 2786.71
0.4152 2792.07
0.4156 2797.42
0.416 2802.78
0.4164 2808.14
0.4168 2813.5
0.4172 2818.86
0.4176 2824.22
0.418 2829.59
0.4184 2845.67
0.4188 2861.77
0.4192 2877.89
0.4196 2894.04
0.42 2910.21
0.4204 2926.4
0.4208 2942.62
0.4212 2958.86
0.4216 2975.11
0.422 2991.4
0.4224 2994.18
0.4228 2996.96
0.4232 2999.74
0.4236 3002.51
0.424 3005.28
0.4244 3008.05
0.4248 3010.82
0.4252 3013.57
0.4256 3016.33
0.426 3019.09
0.4264 3032.37
0.4268 3045.67
0.4272 3058.99
0.4276 3072.31
0.428 3085.66
0.4284 3099.03
0.4288 3112.41
0.4292 3125.81
0.4296 3139.23
0.43 3152.66
0.4304 3184.61
0.4308 3216.61
0.4312 3248.66
0.4316 3280.76
0.432 3312.92
0.4324 3345.12
0.4328 3377.38
0.4332 3409.69
0.4336 3442.05
0.434 3474.46
0.4344 3493.03
0.4348 3511.61
0.4352 3530.22
0.4356 3548.86
0.436 3567.52
0.4364 3586.21
0.4368 3604.93
0.4372 3623.67
0.4376 3642.44
0.438 3661.24
0.4384 3682.06
0.4388 3702.92
0.4392 3723.8
0.4396 3744.72
0.44 3765.66
0.4404 3786.64
0.4408 3807.64
0.4412 3828.68
0.4416 3849.74
0.442 3870.84
0.4424 3900.46
0.4428 3930.13
0.4432 3959.84
0.4436 3989.6
0.444 4019.4
0.4444 4049.25
0.4448 4079.15
0.4452 4109.09
0.4456 4139.07
0.446 4169.11
0.4464 4188.98
0.4468 4208.88
0.4472 4228.81
0.4476 4248.76
0.448 4268.74
0.4484 4288.75
0.4488 4308.79
0.4492 4328.86
0.4496 4348.95
0.45 4369.07
0.4504 4384.27
0.4508 4399.5
0.4512 4414.74
0.4516 4430.01
0.452 4445.29
0.4524 4460.59
0.4528 4475.91
0.4532 4491.25
0.4536 4506.61
0.454 4521.99
0.4544 4541.54
0.4548 4561.12
0.4552 4580.72
0.4556 4600.36
0.456 4620.02
0.4564 4639.7
0.4568 4659.42
0.4572 4679.16
0.4576 4698.92
0.458 4718.72
0.4584 4729.31
0.4588 4739.92
0.4592 4750.54
0.4596 4761.17
0.46 4771.81
0.4604 4782.46
0.4608 4793.13
0.4612 4803.8
0.4616 4814.49
0.462 4825.18
0.4624 4823.2
0.4628 4821.22
0.4632 4819.21
0.4636 4817.2
0.464 4815.18
0.4644 4813.15
0.4648 4811.11
0.4652 4809.05
0.4656 4806.99
0.466 4804.91
0.4664 4813.06
0.4668 4821.22
0.4672 4829.39
0.4676 4837.56
0.468 4845.74
0.4684 4853.93
0.4688 4862.12
0.4692 4870.32
0.4696 4878.53
0.47 4886.75
0.4704 4911.32
0.4708 4935.92
0.4712 4960.56
0.4716 4985.24
0.472 5009.95
0.4724 5034.7
0.4728 5059.48
0.4732 5084.3
0.4736 5109.15
0.474 5134.04
0.4744 5152.46
0.4748 5170.9
0.4752 5189.36
0.4756 5207.85
0.476 5226.37
0.4764 5244.9
0.4768 5263.47
0.4772 5282.06
0.4776 5300.67
0.478 5319.31
0.4784 5319.16
0.4788 5319
0.4792 5318.84
0.4796 5318.67
0.48 5318.5
0.4804 5318.31
0.4808 5318.12
0.4812 5317.93
0.4816 5317.73
0.482 5317.52
0.4824 5305.83
0.4828 5294.12
0.4832 5282.39
0.4836 5270.63
0.484 5258.84
0.4844 5247.03
0.4848 5235.2
0.4852 5223.34
0.4856 5211.45
0.486 5199.54
0.4864 5203.17
0.4868 5206.81
0.4872 5210.44
0.4876 5214.08
0.488 5217.71
0.4884 5221.35
0.4888 5224.99
0.4892 5228.62
0.4896 5232.26
0.49 5235.9
0.4904 5248.06
0.4908 5260.24
0.4912 5272.43
0.4916 5284.64
0.492 5296.86
0.4924 5309.1
0.4928 5321.35
0.4932 5333.61
0.4936 5345.9
0.494 5358.19
0.4944 5344.28
0.4948 5330.34
0.4952 5316.37
0.4956 5302.38
0.496 5288.36
0.4964 5274.31
0.4968 5260.24
0.4972 5246.13
0.4976 5232
0.498 5217.85
0.4984 5205.49
0.4988 5193.1
0.4992 5180.7
0.4996 5168.27
0.5 5155.81
0.5004 5143.33
0.5008 5130.83
0.5012 5118.3
0.5016 5105.75
0.502 5093.17
0.5024 5098.49
0.5028 5103.82
0.5032 5109.15
0.5036 5114.48
0.504 5119.82
0.5044 5125.17
0.5048 5130.51
0.5052 5135.87
0.5056 5141.23
0.506 5146.59
0.5064 5145.94
0.5068 5145.29
0.5072 5144.63
0.5076 5143.97
0.508 5143.3
0.5084 5142.62
0.5088 5141.95
0.5092 5141.27
0.5096 5140.58
0.51 5139.9
0.5104 5118.67
0.5108 5097.4
0.5112 5076.09
0.5116 5054.75
0.512 5033.38
0.5124 5011.97
0.5128 4990.52
0.5132 4969.03
0.5136 4947.52
0.514 4925.96
0.5144 4920.36
0.5148 4914.75
0.5152 4909.13
0.5156 4903.5
0.516 4897.86
0.5164 4892.21
0.5168 4886.54
0.5172 4880.87
0.5176 4875.18
0.518 4869.48
0.5184 4905.02
0.5188 4940.61
0.5192 4976.26
0.5196 5011.96
0.52 5047.7
0.5204 5083.51
0.5208 5119.36
0.5212 5155.27
0.5216 5191.23
0.522 5227.25
0.5224 5261.4
0.5228 5295.61
0.5232 5329.87
0.5236 5364.17
0.524 5398.53
0.5244 5432.94
0.5248 5467.39
0.5252 5501.9
0.5256 5536.46
0.526 5571.07
0.5264 5595.14
0.5268 5619.24
0.5272 5643.38
0.5276 5667.55
0.528 5691.76
0.5284 5716
0.5288 5740.27
0.5292 5764.58
0.5296 5788.92
0.53 5813.3
0.5304 5834.32
0.5308 5855.36
0.5312 5876.44
0.5316 5897.55
0.532 5918.68
0.5324 5939.85
0.5328 5961.04
0.5332 5982.26
0.5336 6003.52
0.534 6024.8
0.5344 6018.74
0.5348 6012.68
0.5352 6006.6
0.5356 6000.51
0.536 5994.41
0.5364 5988.3
0.5368 5982.18
0.5372 5976.04
0.5376 5969.9
0.538 5963.74
0.5384 5952.16
0.5388 5940.56
0.5392 5928.93
0.5396 5917.29
0.54 5905.63
0.5404 5893.95
0.5408 5882.25
0.5412 5870.54
0.5416 5858.8
0.542 5847.04
0.5424 5857.1
0.5428 5867.16
0.5432 5877.24
0.5436 5887.33
0.544 5897.43
0.5444 5907.55
0.5448 5917.68
0.5452 5927.82
0.5456 5937.98
0.546 5948.16
0.5464 5957.34
0.5468 5966.54
0.5472 5975.75
0.5476 5984.97
0.548 5994.2
0.5484 6003.45
0.5488 6012.7
0.5492 6021.97
0.5496 6031.26
0.55 6040.54
0.5504 6053.88
0.5508 6067.23
0.5512 6080.59
0.5516 6093.98
0.552 6107.39
0.5524 6120.81
0.5528 6134.25
0.5532 6147.71
0.5536 6161.18
0.554 6174.68
0.5544 6182.62
0.5548 6190.56
0.5552 6198.52
0.5556 6206.49
0.556 6214.46
0.5564 6222.45
0.5568 6230.44
0.5572 6238.45
0.5576 6246.47
0.558 6254.49
0.5584 6256.91
0.5588 6259.33
0.5592 6261.76
0.5596 6264.18
0.56 6266.61
0.5604 6269.04
0.5608 6271.47
0.5612 6273.91
0.5616 6276.35
0.562 6278.78
0.5624 6286.37
0.5628 6293.97
0.5632 6301.57
0.5636 6309.18
0.564 6316.81
0.5644 6324.44
0.5648 6332.08
0.5652 6339.74
0.5656 6347.39
0.566 6355.07
0.5664 6358.09
0.5668 6361.11
0.5672 6364.14
0.5676 6367.16
0.568 6370.19
0.5684 6373.23
0.5688 6376.27
0.5692 6379.3
0.5696 6382.35
0.57 6385.4
0.5704 6388.97
0.5708 6392.55
0.5712 6396.13
0.5716 6399.71
0.572 6403.3
0.5724 6406.89
0.5728 6410.48
0.5732 6414.08
0.5736 6417.69
0.574 6421.29
0.5744 6417.55
0.5748 6413.8
0.5752 6410.04
0.5756 6406.29
0.576 6402.52
0.5764 6398.74
0.5768 6394.96
0.5772 6391.17
0.5776 6387.38
0.578 6383.58
0.5784 6379.25
0.5788 6374.9
0.5792 6370.55
0.5796 6366.2
0.58 6361.83
0.5804 6357.47
0.5808 6353.09
0.5812 6348.7
0.5816 6344.31
0.582 6339.91
0.5824 6333.38
0.5828 6326.83
0.5832 6320.28
0.5836 6313.71
0.584 6307.14
0.5844 6300.55
0.5848 6293.95
0.5852 6287.35
0.5856 6280.74
0.586 6274.11
0.5864 6281.42
0.5868 6288.74
0.5872 6296.06
0.5876 6303.4
0.588 6310.74
0.5884 6318.09
0.5888 6325.46
0.5892 6332.83
0.5896 6340.21
0.59 6347.6
0.5904 6371.2
0.5908 6394.82
0.5912 6418.49
0.5916 6442.17
0.592 6465.89
0.5924 6489.65
0.5928 6513.43
0.5932 6537.24
0.5936 6561.09
0.594 6584.96
0.5944 6609.95
0.5948 6634.98
0.5952 6660.04
0.5956 6685.13
0.596 6710.26
0.5964 6735.41
0.5968 6760.6
0.5972 6785.82
0.5976 6811.07
0.598 6836.36
0.5984 6855.66
0.5988 6874.98
0.5992 6894.32
0.5996 6913.7
0.6 6933.09
0.6004 6952.51
0.6008 6971.95
0.6012 6991.42
0.6016 7010.91
0.602 7030.43
0.6024 7041.7
0.6028 7052.99
0.6032 7064.3
0.6036 7075.61
0.604 7086.94
0.6044 7098.29
0.6048 7109.64
0.6052 7121.01
0.6056 7132.4
0.606 7143.79
0.6064 7147.99
0.6068 7152.19
0.6072 7156.4
0.6076 7160.61
0.608 7164.82
0.6084 7169.04
0.6088 7173.26
0.6092 7177.48
0.6096 7181.71
0.61 7185.94
0.6104 7184.04
0.6108 7182.12
0.6112 7180.21
0.6116 7178.29
0.612 7176.37
0.6124 7174.44
0.6128 7172.51
0.6132 7170.57
0.6136 7168.62
0.614 7166.68
0.6144 7159.67
0.6148 7152.65
0.6152 7145.62
0.6156 7138.57
0.616 7131.52
0.6164 7124.45
0.6168 7117.37
0.6172 7110.29
0.6176 7103.19
0.618 7096.08
0.6184 7087.26
0.6188 7078.42
0.6192 7069.58
0.6196 7060.72
0.62 7051.84
0.6204 7042.95
0.6208 7034.05
0.6212 7025.14
0.6216 7016.21
0.622 7007.27
0.6224 6997.17
0.6228 6987.06
0.6232 6976.93
0.6236 6966.79
0.624 6956.63
0.6244 6946.46
0.6248 6936.28
0.6252 6926.07
0.6256 6915.86
0.626 6905.62
0.6264 6898.23
0.6268 6890.84
0.6272 6883.43
0.6276 6876.01
0.628 6868.58
0.6284 6861.13
0.6288 6853.68
0.6292 6846.21
0.6296 6838.73
0.63 6831.23
0.6304 6832.38
0.6308 6833.52
0.6312 6834.66
0.6316 6835.8
0.632 6836.94
0.6324 6838.07
0.6328 6839.21
0.6332 6840.35
0.6336 6841.48
0.634 6842.61
0.6344 6850.71
0.6348 6858.8
0.6352 6866.91
0.6356 6875.03
0.636 6883.15
0.6364 6891.28
0.6368 6899.42
0.6372 6907.56
0.6376 6915.72
0.638 6923.88
0.6384 6935.54
0.6388 6947.23
0.6392 6958.92
0.6396 6970.62
0.64 6982.34
0.6404 6994.06
0.6408 7005.8
0.6412 7017.55
0.6416 7029.31
0.642 7041.08
0.6424 7055.22
0.6428 7069.37
0.6432 7083.53
0.6436 7097.71
0.644 7111.9
0.6444 7126.1
0.6448 7140.32
0.6452 7154.55
0.6456 7168.8
0.646 7183.06
0.6464 7196.74
0.6468 7210.44
0.6472 7224.15
0.6476 7237.87
0.648 7251.61
0.6484 7265.36
0.6488 7279.12
0.6492 7292.9
0.6496 7306.69
0.65 7320.49
0.6504 7333.71
0.6508 7346.94
0.6512 7360.19
0.6516 7373.44
0.652 7386.71
0.6524 7399.99
0.6528 7413.28
0.6532 7426.59
0.6536 7439.91
0.654 7453.23
0.6544 7464.18
0.6548 7475.14
0.6552 7486.1
0.6556 7497.08
0.656 7508.06
0.6564 7519.05
0.6568 7530.05
0.6572 7541.06
0.6576 7552.08
0.658 7563.1
0.6584 7566.31
0.6588 7569.52
0.6592 7572.72
0.6596 7575.93
0.66 7579.13
0.6604 7582.33
0.6608 7585.54
0.6612 7588.74
0.6616 7591.94
0.662 7595.14
0.6624 7588.64
0.6628 7582.13
0.6632 7575.61
0.6636 7569.08
0.664 7562.53
0.6644 7555.97
0.6648 7549.4
0.6652 7542.81
0.6656 7536.21
0.666 7529.6
0.6664 7526.63
0.6668 7523.66
0.6672 7520.67
0.6676 7517.67
0.668 7514.67
0.6684 7511.65
0.6688 7508.63
0.6692 7505.6
0.6696 7502.56
0.67 7499.51
0.6704 7502.58
0.6708 7505.65
0.6712 7508.72
0.6716 7511.79
0.672 7514.85
0.6724 7517.91
0.6728 7520.98
0.6732 7524.03
0.6736 7527.09
0.674 7530.14
0.6744 7534.43
0.6748 7538.71
0.6752 7543
0.6756 7547.28
0.676 7551.56
0.6764 7555.85
0.6768 7560.13
0.6772 7564.4
0.6776 7568.68
0.678 7572.96
0.6784 7579.72
0.6788 7586.48
0.6792 7593.24
0.6796 7600
0.68 7606.77
0.6804 7613.53
0.6808 7620.3
0.6812 7627.07
0.6816 7633.84
0.682 7640.62
0.6824 7646.14
0.6828 7651.67
0.6832 7657.19
0.6836 7662.72
0.684 7668.25
0.6844 7673.77
0.6848 7679.3
0.6852 7684.82
0.6856 7690.35
0.686 7695.87
0.6864 7700.77
0.6868 7705.66
0.6872 7710.56
0.6876 7715.45
0.688 7720.34
0.6884 7725.23
0.6888 7730.12
0.6892 7735.01
0.6896 7739.9
0.69 7744.78
0.6904 7748.4
0.6908 7752.02
0.6912 7755.64
0.6916 7759.25
0.692 7762.86
0.6924 7766.46
0.6928 7770.06
0.6932 7773.67
0.6936 7777.26
0.694 7780.85
0.6944 7786.98
0.6948 7793.11
0.6952 7799.24
0.6956 7805.37
0.696 7811.5
0.6964 7817.62
0.6968 7823.75
0.6972 7829.88
0.6976 7836
0.698 7842.13
0.6984 7843.14
0.6988 7844.15
0.6992 7845.15
0.6996 7846.15
0.7 7847.13
0.7004 7848.12
0.7008 7849.09
0.7012 7850.05
0.7016 7851.02
0.702 7851.97
0.7024 7851.63
0.7028 7851.29
0.7032 7850.93
0.7036 7850.56
0.704 7850.2
0.7044 7849.81
0.7048 7849.42
0.7052 7849.03
0.7056 7848.62
0.706 7848.2
0.7064 7838.73
0.7068 7829.24
0.7072 7819.74
0.7076 7810.21
0.708 7800.66
0.7084 7791.1
0.7088 7781.52
0.7092 7771.91
0.7096 7762.29
0.71 7752.65
0.7104 7726.09
0.7108 7699.5
0.7112 7672.88
0.7116 7646.2
0.712 7619.5
0.7124 7592.75
0.7128 7565.97
0.7132 7539.14
0.7136 7512.28
0.714 7485.38
0.7144 7463.67
0.7148 7441.93
0.7152 7420.14
0.7156 7398.33
0.716 7376.49
0.7164 7354.61
0.7168 7332.7
0.7172 7310.75
0.7176 7288.77
0.718 7266.76
0.7184 7274.94
0.7188 7283.12
0.7192 7291.29
0.7196 7299.48
0.72 7307.65
0.7204 7315.83
0.7208 7324.01
0.7212 7332.18
0.7216 7340.36
0.722 7348.54
0.7224 7379.18
0.7228 7409.85
0.7232 7440.54
0.7236 7471.25
0.724 7501.99
0.7244 7532.76
0.7248 7563.54
0.7252 7594.35
0.7256 7625.19
0.726 7656.05
0.7264 7687.61
0.7268 7719.18
0.7272 7750.78
0.7276 7782.41
0.728 7814.06
0.7284 7845.74
0.7288 7877.44
0.7292 7909.17
0.7296 7940.92
0.73 7972.69
0.7304 7992.47
0.7308 8012.26
0.7312 8032.06
0.7316 8051.88
0.732 8071.7
0.7324 8091.54
0.7328 8111.39
0.7332 8131.24
0.7336 8151.11
0.734 8171
0.7344 8185.51
0.7348 8200.04
0.7352 8214.57
0.7356 8229.11
0.736 8243.65
0.7364 8258.2
0.7368 8272.75
0.7372 8287.31
0.7376 8301.87
0.738 8316.44
0.7384 8327.64
0.7388 8338.84
0.7392 8350.03
0.7396 8361.24
0.74 8372.44
0.7404 8383.64
0.7408 8394.85
0.7412 8406.06
0.7416 8417.26
0.742 8428.48
0.7424 8436.29
0.7428 8444.1
0.7432 8451.92
0.7436 8459.73
0.744 8467.53
0.7444 8475.33
0.7448 8483.14
0.7452 8490.93
0.7456 8498.73
0.746 8506.52
0.7464 8510.21
0.7468 8513.91
0.7472 8517.58
0.7476 8521.25
0.748 8524.92
0.7484 8528.58
0.7488 8532.23
0.7492 8535.88
0.7496 8539.51
0.75 8543.14
0.7504 8540.59
0.7508 8538.02
0.7512 8535.43
0.7516 8532.84
0.752 8530.23
0.7524 8527.6
0.7528 8524.96
0.7532 8522.31
0.7536 8519.64
0.754 8516.96
0.7544 8508.05
0.7548 8499.13
0.7552 8490.18
0.7556 8481.21
0.756 8472.22
0.7564 8463.22
0.7568 8454.18
0.7572 8445.13
0.7576 8436.06
0.758 8426.96
0.7584 8414.38
0.7588 8401.77
0.7592 8389.14
0.7596 8376.48
0.76 8363.8
0.7604 8351.09
0.7608 8338.35
0.7612 8325.6
0.7616 8312.82
0.762 8300.01
0.7624 8290.67
0.7628 8281.3
0.7632 8271.9
0.7636 8262.5
0.764 8253.06
0.7644 8243.61
0.7648 8234.14
0.7652 8224.64
0.7656 8215.12
0.766 8205.58
0.7664 8200.22
0.7668 8194.85
0.7672 8189.46
0.7676 8184.05
0.768 8178.63
0.7684 8173.19
0.7688 8167.73
0.7692 8162.25
0.7696 8156.76
0.77 8151.24
0.7704 8142.89
0.7708 8134.53
0.7712 8126.14
0.7716 8117.73
0.772 8109.3
0.7724 8100.85
0.7728 8092.38
0.7732 8083.9
0.7736 8075.38
0.774 8066.85
0.7744 8056.88
0.7748 8046.89
0.7752 8036.88
0.7756 8026.85
0.776 8016.78
0.7764 8006.7
0.7768 7996.61
0.7772 7986.48
0.7776 7976.34
0.778 7966.18
0.7784 7955.27
0.7788 7944.34
0.7792 7933.4
0.7796 7922.43
0.78 7911.43
0.7804 7900.42
0.7808 7889.38
0.7812 7878.32
0.7816 7867.24
0.782 7856.12
0.7824 7846.42
0.7828 7836.71
0.7832 7826.96
0.7836 7817.19
0.784 7807.41
0.7844 7797.6
0.7848 7787.77
0.7852 7777.92
0.7856 7768.04
0.786 7758.15
0.7864 7748.95
0.7868 7739.73
0.7872 7730.49
0.7876 7721.23
0.788 7711.95
0.7884 7702.64
0.7888 7693.32
0.7892 7683.97
0.7896 7674.61
0.79 7665.23
0.7904 7661.59
0.7908 7657.95
0.7912 7654.3
0.7916 7650.62
0.792 7646.94
0.7924 7643.24
0.7928 7639.52
0.7932 7635.78
0.7936 7632.04
0.794 7628.27
0.7946 7638.95
0.7952 7649.61
0.7958 7660.27
0.7964 7670.91
0.797 7681.56
0.7976 7692.18
0.7982 7702.8
0.7988 7713.4
0.7994 7724
0.8 7734.58
0.801 7774.91
0.802 7815.27
0.803 7855.66
0.804 7896.07
0.805 7936.51
0.806 7976.98
0.807 8017.48
0.808 8058.01
0.809 8098.57
0.81 8139.15
0.811 8153.06
0.812 8166.93
0.813 8180.77
0.814 8194.58
0.815 8208.34
0.816 8222.06
0.817 8235.75
0.818 8249.4
0.819 8263.01
0.82 8276.59
0.821 8294.64
0.822 8312.65
0.823 8330.65
0.824 8348.61
0.825 8366.55
0.826 8384.47
0.827 8402.37
0.828 8420.23
0.829 8438.07
0.83 8455.88
0.831 8429.6
0.832 8403.18
0.833 8376.64
0.834 8349.96
0.835 8323.15
0.836 8296.22
0.837 8269.15
0.838 8241.96
0.839 8214.64
0.84 8187.19
0.841 8140.38
0.842 8093.39
0.843 8046.24
0.844 7998.91
0.845 7951.42
0.846 7903.75
0.847 7855.9
0.848 7807.88
0.849 7759.69
0.85 7711.33
0.851 7748.42
0.852 7785.53
0.853 7822.67
0.854 7859.84
0.855 7897.04
0.856 7934.28
0.857 7971.55
0.858 8008.86
0.859 8046.19
0.86 8083.56
0.861 8121.75
0.862 8159.99
0.863 8198.26
0.864 8236.57
0.865 8274.91
0.866 8313.29
0.867 8351.71
0.868 8390.18
0.869 8428.68
0.87 8467.23
0.871 8486.7
0.872 8506.17
0.873 8525.63
0.874 8545.1
0.875 8564.57
0.876 8584.04
0.877 8603.5
0.878 8622.97
0.879 8642.44
0.88 8661.92
0.881 8642.72
0.882 8623.45
0.883 8604.09
0.884 8584.64
0.885 8565.12
0.886 8545.51
0.887 8525.83
0.888 8506.06
0.889 8486.22
0.89 8466.29
0.891 8465.03
0.892 8463.74
0.893 8462.41
0.894 8461.05
0.895 8459.66
0.896 8458.23
0.897 8456.77
0.898 8455.28
0.899 8453.76
0.9 8452.22
0.901 8483.6
0.902 8515.03
0.903 8546.5
0.904 8578.03
0.905 8609.6
0.906 8641.22
0.907 8672.89
0.908 8704.6
0.909 8736.37
0.91 8768.2
0.911 8752.58
0.912 8736.92
0.913 8721.21
0.914 8705.44
0.915 8689.63
0.916 8673.77
0.917 8657.87
0.918 8641.92
0.919 8625.92
0.92 8609.88
0.921 8578.64
0.922 8547.32
0.923 8515.92
0.924 8484.46
0.925 8452.91
0.926 8421.3
0.927 8389.62
0.928 8357.87
0.929 8326.05
0.93 8294.16
0.931 8251.98
0.932 8209.72
0.933 8167.37
0.934 8124.93
0.935 8082.41
0.936 8039.8
0.937 7997.11
0.938 7954.33
0.939 7911.47
0.94 7868.54
0.941 7890.06
0.942 7911.64
0.943 7933.28
0.944 7954.98
0.945 7976.74
0.946 7998.56
0.947 8020.45
0.948 8042.39
0.949 8064.4
0.95 8086.48
0.951 8087.74
0.952 8089.04
0.953 8090.36
0.954 8091.7
0.955 8093.07
0.956 8094.46
0.957 8095.88
0.958 8097.33
0.959 8098.81
0.96 8100.32
0.961 8092.2
0.962 8084.08
0.963 8075.98
0.964 8067.9
0.965 8059.83
0.966 8051.77
0.967 8043.74
0.968 8035.71
0.969 8027.71
0.97 8019.73
0.971 8025.98
0.972 8032.28
0.973 8038.62
0.974 8045.02
0.975 8051.47
0.976 8057.98
0.977 8064.55
0.978 8071.17
0.979 8077.85
0.98 8084.58
0.981 8106.62
0.982 8128.76
0.983 8150.99
0.984 8173.32
0.985 8195.73
0.986 8218.23
0.987 8240.83
0.988 8263.53
0.989 8286.33
0.99 8309.23
0.991 8367.57
0.992 8426.08
0.993 8484.75
0.994 8543.6
0.995 8602.63
0.996 8661.83
0.997 8721.21
0.998 8780.76
0.999 8840.49
1 8900.38
1.002 8910.78
1.004 8711.37
1.006 8763.99
1.008 8985.83
1.01 9039.73
1.012 8850.57
1.014 8713.99
1.016 8736.58
1.018 8759.52
1.02 8761.51
1.022 8881.4
1.024 8819.91
1.026 8822.89
1.028 8836.94
1.03 8786.67
1.032 8725.72
1.034 8740.58
1.036 8885.85
1.038 8760.52
1.04 8961.44
1.042 9054.44
1.044 9049.81
1.046 8870.41
1.048 8778.35
1.05 8741.19
1.052 8583.18
1.054 8439.22
1.056 8536.99
1.058 8455.08
1.06 8573.92
1.08 8272.95
1.1 7935.08
1.12 7609.59
1.14 7334.55
1.16 7130.83
1.18 7013.04
1.2 6982.83
1.22 7035.89
1.24 7168.29
1.26 7350.64
1.28 7598.86
1.3 7794.67
1.32 7896.52
1.34 7758.43
1.36 7768.57
1.38 7688.18
1.4 7552.07
1.42 7426.26
1.44 7339.01
1.46 7215.22
1.48 7152.15
1.5 7093.61
1.52 6989.03
1.54 6846.74
1.56 6637.83
1.58 6483.28
1.6 6432.05
1.62 6425.13
1.64 6358.73
1.66 6249.82
1.68 6233.05
1.7 6291.89
1.72 6256.55
1.74 6317.91
1.76 6319.82
1.78 6383.7
1.8 6503.29
1.82 6638.89
1.84 6770.19
1.86 6867.08
1.88 7039.46
1.9 7165.8
1.92 7104.33
1.94 6976.84
1.96 6789.41
1.98 6519.33
2 6234.98
2.02 5920.37
2.04 5557.81
2.06 5135.5
2.08 4722.99
2.1 4322.24
2.12 3936.16
2.14 3547.15
2.16 3241.44
2.18 3003.1
2.2 2825.8
2.22 2687.49
2.24 2601.54
2.26 2583.81
2.28 2444.34
2.3 2259.42
2.32 2104.67
2.34 1952.77
2.36 1758.55
2.38 1575.65
2.4 1366.52
2.42 1170.38
2.44 983.247
2.46 866.442
2.48 867.776
2.5 948.891
2.52 1082.57
2.54 1035.96
2.56 414.602
