0.1005 49.7424
0.1015 50.6948
0.1025 40.6017
0.1035 46.5629
0.1045 55.3435
0.1055 53.6925
0.1065 48.4753
0.1075 50.9518
0.1085 46.3337
0.1095 51.4403
0.1105 49.609
0.1115 48.8624
0.1125 44.8426
0.1135 49.6683
0.1145 47.9352
0.1155 47.7795
0.1165 47.2698
0.1175 37.3041
0.1185 45.4479
0.1195 41.1147
0.1205 36.9833
0.1215 31.9657
0.1225 40.6429
0.1235 44.8898
0.1245 45.6402
0.1255 44.7391
0.1265 43.582
0.1275 46.304
0.1285 46.5275
0.1295 41.9592
0.1305 42.0398
0.1315 45.6521
0.1325 44.2901
0.1335 41.6577
0.1345 44.6243
0.1355 43.8189
0.1365 41.4697
0.1375 41.4957
0.1385 41.3454
0.1395 34.8153
0.1405 34.3007
0.1415 39.4703
0.1425 38.7086
0.1435 39.4486
0.1442 39.9099
0.1447 39.8909
0.1455 38.9809
0.1465 37.5412
0.1475 37.5682
0.1485 37.8229
0.1495 37.4737
0.1505 36.3444
0.1512 34.3049
0.1517 35.1255
0.1525 34.8842
0.1535 31.7495
0.1545 30.2998
0.1555 29.9642
0.1565 31.7377
0.1575 32.944
0.1585 33.5965
0.1595 33.8333
0.1605 32.9479
0.1615 32.7517
0.1625 32.1717
0.1635 33.1573
0.1645 33.4113
0.1655 32.4056
0.1665 33.9469
0.1672 31.3873
0.1677 35.5987
0.1685 35.9518
0.1695 34.69
0.1705 34.4974
0.1715 34.2734
0.1725 34.5
0.1735 36.5603
0.1745 36.2829
0.1755 38.1272
0.1765 35.5469
0.1775 36.6032
0.1785 37.8913
0.1795 40.3351
0.1805 43.3368
0.1815 42.4487
0.1825 41.8034
0.1835 42.2606
0.1845 37.4448
0.1855 39.8384
0.1865 43.0384
0.1875 44.0269
0.1885 43.1192
0.1895 44.3493
0.1905 44.7016
0.1915 45.9481
0.1925 45.0514
0.1935 41.2258
0.1945 49.4485
0.1955 48.9735
0.1967 54.1651
0.1976 53.3075
0.1984 53.3692
0.1995 53.541
0.2005 52.1579
0.2015 53.8898
0.2025 49.7516
0.2035 56.0376
0.2045 60.4124
0.2055 58.2806
0.2065 57.9224
0.2074 65.7168
0.2078 76.8875
0.2085 82.7195
0.2095 78.5583
0.2105 76.5125
0.2115 83.9754
0.2125 78.8906
0.2135 74.949
0.2145 87.7665
0.2155 87.171
0.2165 79.4336
0.2175 80.4089
0.2185 93.3758
0.2195 97.8283
0.2205 94.9843
0.2215 81.8533
0.2225 90.9707
0.2235 111.594
0.2245 105.813
0.2255 89.0082
0.2265 84.4754
0.2275 90.6462
0.2285 110.184
0.2295 96.2222
0.2305 111.65
0.2315 103.321
0.2325 88.556
0.2335 84.7638
0.2345 66.3959
0.2355 102.617
0.2365 72.1812
0.2375 87.9505
0.2385 60.8201
0.2395 73.0224
0.2405 72.8787
0.2415 80.0121
0.2425 118.405
0.2435 117.379
0.2445 134.921
0.2455 139.746
0.2465 128.862
0.2475 114.731
0.2485 83.7214
0.2495 94.2167
0.2505 132.16
0.2513 81.0329
0.2518 66.2858
0.2525 69.256
0.2535 96.3574
0.2545 101.365
0.2555 155.484
0.2565 127.513
0.2575 156.661
0.2585 144.173
0.2595 133.924
0.2605 119.34
0.2615 108.745
0.2625 141.917
0.2635 215.222
0.2645 281.846
0.2655 374.464
0.2665 260.246
0.2675 290.821
0.2685 332.674
0.2695 248.266
0.2705 297.528
0.2715 224.077
0.2725 188.103
0.2735 231.72
0.2745 147.808
0.2755 192.486
0.2765 245.692
0.2775 261.285
0.2785 176.665
0.2795 80.1796
0.2805 98.8617
0.2815 243.879
0.2825 322.053
0.2835 300.55
0.2845 225.743
0.2855 142.639
0.2865 293.356
0.2875 385.88
0.2885 363.282
0.2895 437.33
0.291 582.454
0.293 519.067
0.295 482.269
0.297 497.537
0.299 510.181
0.301 510.318
0.303 551.378
0.305 582.51
0.307 634.035
0.309 614.638
0.311 718.659
0.313 668.803
0.315 674.544
0.317 750.751
0.319 664.767
0.321 733.286
0.323 640.48
0.325 886.363
0.327 1038.17
0.329 1030.2
0.331 964.451
0.333 997.705
0.335 967.256
0.337 729.511
0.339 841.835
0.341 872.237
0.343 945.051
0.345 978.972
0.347 1023.47
0.349 1153.57
0.351 1242.54
0.353 1128.39
0.355 1312.97
0.357 930.363
0.359 942.271
0.361 1174.72
0.363 1241.02
0.364 1303.27
0.365 1455.46
0.367 1554.12
0.369 1422.1
0.371 1513.98
0.373 1057.85
0.375 1209.79
0.377 1539.63
0.379 1598.46
0.381 1532.29
0.383 957.052
0.385 1279.14
0.387 1263.54
0.389 1487.69
0.391 1805.22
0.393 972.879
0.395 1631.56
0.397 1154.29
0.399 2326.41
0.401 2554.93
0.403 2526.97
0.405 2446.99
0.407 2328.78
0.409 2833.44
0.411 2669.74
0.413 2645.51
0.415 2593.82
0.417 2659.46
0.419 2596.04
0.421 2630.67
0.423 2515.65
0.425 2660.95
0.427 2525.5
0.429 2372
0.431 2063.57
0.433 2990.96
0.435 2975.71
0.437 3239.97
0.439 2911.65
0.441 3112.01
0.443 3401.49
0.445 3432.06
0.447 3674.64
0.449 3788.06
0.451 4284.32
0.453 3788.02
0.455 3988.58
0.457 4300.84
0.459 4107.81
0.461 4233.17
0.463 4183.19
0.465 4240.27
0.467 4440.67
0.469 4402.11
0.471 4297.18
0.473 4435.24
0.475 4580.96
0.477 4529.08
0.479 4564.45
0.481 4602.19
0.483 4748.93
0.485 4560.58
0.487 4211.58
0.489 4664.3
0.491 4690.24
0.493 4605.93
0.495 4807.69
0.497 4758.37
0.499 4463.47
0.501 4249.35
0.503 4531.3
0.505 4515.56
0.507 4716.24
0.509 4493.59
0.511 4618.45
0.513 4486.65
0.515 4324.87
0.517 4021.91
0.519 4193.13
0.521 4541.24
0.523 4922.78
0.525 5164.33
0.527 4595.17
0.529 5268.62
0.531 5604.55
0.533 4980.46
0.535 5448.07
0.537 5427.57
0.539 5343.09
0.541 5279.68
0.543 5364.17
0.545 5519.43
0.547 5460.64
0.549 5524.97
0.551 5474.88
0.553 5694.13
0.555 5794.03
0.557 5680.79
0.559 5561.32
0.561 5768.65
0.563 5784.83
0.565 5894.08
0.567 5769.57
0.569 5960.56
0.571 5779.21
0.573 6258.94
0.575 6083.27
0.577 6152.84
0.579 5957.33
0.581 6195.49
0.583 6370.85
0.585 6200.88
0.587 6210.23
0.589 5511.06
0.591 6139.6
0.593 6219.32
0.595 6245.83
0.597 6366.11
0.599 6299.98
0.601 6240.66
0.603 6409.47
0.605 6544.53
0.607 6537.88
0.609 6361.61
0.611 6406.21
0.613 6087.12
0.615 6277.06
0.617 5950.42
0.619 6325.62
0.621 6293.96
0.623 6128.33
0.625 5971.24
0.627 6255.37
0.629 6377.93
0.631 6257.04
0.633 6363.42
0.635 6423.98
0.637 6412.55
0.639 6514.09
0.641 6413.97
0.643 6491.92
0.645 6471.99
0.647 6470.97
0.649 6373
0.651 6618.2
0.653 6655.83
0.655 6502.15
0.657 6146.29
0.659 6587.94
0.661 6665.46
0.663 6628.96
0.665 6637.59
0.667 6512.44
0.669 6615.13
0.671 6394.04
0.673 6563.7
0.675 6475.17
0.677 6529.07
0.679 6481.88
0.681 6526.37
0.683 6619.83
0.685 6483.8
0.687 6596.68
0.689 6703.69
0.691 6709.19
0.693 6688.76
0.695 6705.9
0.697 6810.77
0.699 6802.07
0.701 6745.27
0.703 6896.71
0.705 6929.48
0.707 6740.38
0.709 6561.13
0.711 6438.22
0.713 6323.36
0.715 6312.21
0.717 6414.55
0.719 6289.42
0.721 6433.53
0.723 6604.17
0.725 6664.13
0.727 6740.13
0.729 6682.77
0.731 6884
0.733 6923.34
0.735 7010.75
0.737 7201.63
0.739 7105.18
0.741 7102.54
0.743 7298.36
0.745 7315.7
0.747 7444.45
0.749 7451.58
0.751 7535.61
0.753 7661.02
0.755 7734.14
0.757 7720.57
0.759 7575.84
0.761 7465.71
0.763 7326.45
0.765 7193.49
0.767 6872.6
0.769 7059.01
0.771 6941.98
0.773 6994.83
0.775 6962.34
0.777 7073.29
0.779 7129.02
0.781 7153.39
0.783 7115.73
0.785 7059.51
0.787 7190
0.789 7134.71
0.791 7004.06
0.793 7046.42
0.795 7020.95
0.797 7254.12
0.799 7276.04
0.801 7390.1
0.803 7441
0.805 7457.03
0.807 7579.64
0.809 7545.63
0.811 7643.68
0.813 7849.52
0.815 7954.95
0.817 8027.79
0.819 7780.16
0.821 7753.24
0.823 7805.37
0.825 7819.22
0.827 7897.29
0.829 7837.81
0.831 7641.05
0.833 7577.89
0.835 7612.95
0.837 7655.91
0.839 7413.44
0.841 7674.19
0.843 7353.14
0.845 7249.79
0.847 7252.47
0.849 7307.85
0.851 7034.13
0.853 7335.65
0.855 6756.29
0.857 7573.81
0.859 7520.74
0.861 7603.82
0.863 7744.86
0.865 7776.25
0.867 7051.86
0.869 7631.25
0.871 7907.35
0.873 7979.76
0.875 7932.78
0.877 8068.11
0.879 8161.65
0.881 8032.35
0.883 8112.33
0.885 8129.34
0.887 7872.03
0.889 7986.48
0.891 8072.3
0.893 7971.07
0.895 7990.32
0.897 8040.23
0.899 8072.13
0.901 7857.67
0.903 8144.53
0.905 8366.49
0.907 8373.71
0.909 8241.03
0.911 8358.25
0.913 8485.85
0.915 8456.09
0.917 8467.45
0.919 8554.47
0.921 8301.16
0.923 8138.45
0.925 8125.9
0.927 8180.92
0.929 8091.75
0.931 8152.56
0.933 8180.23
0.935 8160
0.937 8049.31
0.939 8202.19
0.941 8085.13
0.943 8272.3
0.945 8179.71
0.947 8355.96
0.949 8380.98
0.951 8280.41
0.953 8336.33
0.955 8212.84
0.957 8301.43
0.959 8442.46
0.961 8346.58
0.963 8407.34
0.965 8259.85
0.967 8284.48
0.969 8419.07
0.971 8317.24
0.973 8254.23
0.975 8249.98
0.977 8301.83
0.979 8195.59
0.981 8402.89
0.983 8349.76
0.985 8409.6
0.987 8366.86
0.989 8371.52
0.991 8289.88
0.993 8356
0.995 8391.38
0.997 8402.06
0.999 8397.17
1.003 8401.18
1.007 8331.41
1.013 8434.57
1.017 8361.99
1.022 8407.86
1.028 8458.83
1.032 8376.27
1.038 8360.45
1.043 8421.79
1.048 8346.53
1.052 8311.36
1.058 8210.79
1.063 8175.26
1.068 8119.11
1.072 8174.5
1.078 8148.24
1.082 8059.08
1.087 8067.61
1.092 8089.44
1.098 8026.39
1.102 8007.68
1.108 7942.81
1.113 7931.95
1.117 7892.76
1.122 7915.89
1.128 7846.03
1.133 7863.2
1.138 7814.79
1.143 7756.76
1.147 7864.12
1.153 7867.62
1.157 7799.63
1.162 7703.32
1.167 7723.77
1.173 7785.35
1.177 7639.98
1.183 7609.07
1.187 7505.66
1.192 7635.46
1.198 7420.7
1.203 7569.44
1.207 7525.21
1.212 7550.74
1.218 7588.12
1.223 7566.05
1.227 7527.87
1.232 7501.12
1.237 7500.81
1.243 7427.09
1.248 7431.75
1.253 7387.53
1.258 7389.64
1.262 7362.14
1.267 7322.4
1.272 7341.41
1.278 7362.15
1.283 7161.67
1.288 7281.64
1.292 7221.94
1.298 7305.91
1.302 7241.41
1.308 7274.78
1.313 7143.44
1.318 7148.11
1.323 7169.06
1.328 7070.27
1.332 7072.95
1.338 7029.95
1.343 7066.65
1.347 7027
1.352 6992.15
1.357 6927.34
1.363 6911.36
1.367 6955.01
1.373 6991.93
1.377 6988.77
1.382 7009.85
1.388 6966.94
1.393 6743.11
1.397 6716.87
1.402 6671.19
1.408 6739.14
1.412 6674.89
1.418 6749.54
1.423 6702.57
1.428 6624.04
1.433 6736.3
1.438 6804.52
1.442 6673.3
1.448 6791.08
1.452 6751.16
1.457 6797.05
1.462 6702.25
1.467 6681.85
1.472 6645.15
1.477 6699.86
1.483 6750.13
1.488 6689.63
1.492 6856.01
1.498 6823.05
1.503 6733.71
1.507 6765.68
1.512 6905.62
1.517 6935.53
1.522 6951.29
1.528 7004.81
1.533 7011.05
1.537 7015.02
1.543 6996.84
1.548 7029.14
1.552 6984.59
1.557 6847.41
1.562 6927.64
1.567 6915.74
1.572 7040.41
1.578 6706.8
1.583 6769.86
1.587 6749.99
1.593 6961.16
1.598 6858.84
1.605 6916.33
1.615 7009.62
1.625 6893.93
1.635 7073.55
1.645 6848.41
1.655 7005.78
1.665 6869.57
1.675 6853.56
1.685 6763.56
1.695 6811.59
1.705 6690.15
1.715 6620.14
1.725 6519.34
1.735 6363.01
1.745 6315.61
1.755 6226.35
1.765 6132.93
1.775 6004.93
1.785 5933.34
1.795 5824.33
1.805 5705.3
1.815 5624.1
1.825 5581.34
1.835 5534.93
1.845 5418.88
1.855 5387.7
1.865 5289.23
1.875 5174.83
1.885 5199.49
1.895 5044.49
1.905 5112.56
1.915 5047.14
1.925 4998.71
1.935 4892.36
1.945 4793.72
1.955 4794.07
1.965 4745.3
1.975 4643.62
1.985 4617.78
1.995 4585.25
2.005 4580.18
2.015 4537.28
2.025 4462.23
2.035 4436.83
2.045 4433.21
2.055 4384.63
2.065 4348.21
2.075 4327.33
2.085 4283.38
2.095 4229.07
2.105 4239.45
2.115 4183.98
2.125 4154.23
2.135 4153.88
2.145 4113.34
2.155 4072.22
2.165 4017.11
2.175 3984.95
2.185 3962.54
2.195 3929.51
2.205 3851.45
2.215 3872.37
2.225 3799.94
2.235 3771.88
2.245 3743.43
2.255 3714.53
2.265 3653.56
2.275 3655.56
2.285 3586.4
2.295 3112.41
2.305 3293.98
2.315 3288.11
2.325 2884.67
2.335 3068.68
2.345 2989.29
2.355 2704.86
2.365 2893.13
2.375 2813.47
2.385 2581.81
2.395 2724.38
2.405 2689.78
2.415 2490.06
2.425 2588.93
2.435 2545.11
2.445 2428.28
2.455 2397.39
2.465 2434.35
2.475 2343.84
2.485 2176.45
2.495 2180.55
2.505 2212.26
2.515 2088.6
2.525 2141.24
2.535 2142.24
2.545 2100.07
2.555 2101.57
2.565 2107.4
2.575 2129.22
2.585 2058.76
2.595 2077.21
2.605 2098.57
2.615 2065.58
2.625 2043.29
2.635 2052.72
2.645 2036.67
2.655 2024.56
2.665 1984.15
2.675 2024.43
2.685 2008.64
2.695 1957.48
2.705 1971.05
2.715 1956.4
2.725 1960.22
2.735 1923.21
2.745 1925.55
2.755 1922.29
2.765 1900.05
2.775 1870.27
2.785 1880.47
2.795 1876.36
2.805 1852.12
2.815 1831.61
2.825 1832.41
2.835 1819.07
2.845 1806.03
2.855 1793.75
2.865 1788.9
2.875 1773.25
2.885 1752.07
2.895 1742.85
2.905 1737.13
2.915 1726.35
2.925 1694.09
2.935 1701.7
2.945 1679.59
2.955 1674.73
2.965 1667.49
2.975 1650
2.985 1638.85
2.995 1629.91
3.005 1613.41
3.015 1615.03
3.025 1593.59
3.035 1581.88
3.045 1588.51
3.055 1567.14
3.065 1562.27
3.075 1553.51
3.085 1537.94
3.095 1540.52
3.105 1536.34
3.115 1511.75
3.125 1515.15
3.135 1502.46
3.145 1496.5
3.155 1490.47
3.165 1475.03
3.175 1469.33
3.185 1462.57
3.195 1457.24
3.21 1443.13
3.23 1427.52
3.25 1411.61
3.27 1390.83
3.29 1376.33
3.31 1360
3.33 1340.79
3.35 1325.94
3.37 1306.1
3.39 1290.67
3.41 1271.79
3.43 1259
3.45 1244.89
3.47 1226.76
3.49 1210.52
3.51 1195.09
3.53 1176.11
3.55 1162.37
3.57 1145.06
3.59 1128.61
3.61 1120.31
3.63 1102.26
3.65 1086.77
3.67 1071.06
3.69 1053.96
3.71 1039.49
3.73 1027.7
3.75 1009.32
3.77 997.131
3.79 981.216
3.81 973.367
3.83 961.813
3.85 949.483
3.87 932.167
3.89 921.872
3.91 908.993
3.93 898.37
3.95 880.23
3.97 871.117
3.99 854.423
4.01 848.733
4.03 839.191
4.05 823.219
4.07 814.631
4.09 803.382
4.11 795.174
4.13 784.283
4.15 773.249
4.17 761.421
4.19 754.653
4.21 741.899
4.23 736.223
4.25 725.832
4.27 718.632
4.29 683.333
4.31 649.681
4.33 652.765
4.35 621.641
4.37 608.265
4.39 598.976
4.41 574.358
4.43 566.916
4.45 559.24
4.47 543.972
4.49 543.613
4.51 532.369
4.53 521.779
4.55 522.454
4.57 519.92
4.59 502.44
4.61 506.491
4.63 500.484
4.65 494.262
4.67 496.972
4.69 489.261
4.71 481.904
4.73 484.39
4.75 473.966
4.77 472.181
4.79 469.621
4.81 460.294
4.83 464.234
4.85 456.133
4.87 449.538
4.89 444.924
4.91 441.327
4.93 437.608
4.95 431.076
4.97 431.505
4.99 423.548
5.01 421.586
5.03 417.876
5.05 411.376
5.07 409.854
5.09 406.329
5.11 400.938
5.13 399.876
5.15 394.712
5.17 394.639
5.19 389.391
5.21 386.762
5.23 381.419
5.25 379.778
5.27 379.178
5.29 371.656
5.31 368.11
5.33 366.432
5.35 362.985
5.37 360.336
5.39 357.239
5.41 354.36
5.43 349.342
5.45 349.02
5.47 344.52
5.49 342.452
5.51 339.076
5.53 340.995
5.55 333.172
5.57 333.767
5.59 329.405
5.61 328.23
5.63 323.364
5.65 322.932
5.67 320.286
5.69 315.669
5.71 315.624
5.73 312.812
5.75 310.151
5.77 307.195
5.79 306.19
5.81 302.553
5.83 300.423
5.85 298.09
5.87 294.64
5.89 292.715
5.91 290.494
5.93 288.621
5.95 285.618
5.97 284.166
5.99 281.86
6.01 279.532
6.03 277.277
6.05 274.248
6.07 272.136
6.09 269.909
6.11 267.472
6.13 271.587
6.15 269.701
6.17 268.085
6.19 265.876
6.21 264.13
6.23 261.592
6.25 259.032
6.27 257.036
6.29 249.644
6.31 247.104
6.33 245.822
6.35 243.441
6.37 242.129
6.39 239.513
6.42 236.946
6.46 233.001
6.5 229.292
6.54 225.724
6.58 222.401
6.62 218.712
6.66 215.273
6.7 212.088
6.74 208.641
6.78 205.454
6.82 202.215
6.86 199.137
6.9 196.009
6.94 193.047
6.98 190.038
7.02 187.091
7.06 184.317
7.1 181.499
7.14 178.86
7.18 176.069
7.22 173.572
7.26 170.923
7.3 168.461
7.34 167.787
7.38 167.44
7.42 165.004
7.46 162.647
7.5 160.373
7.54 158.182
7.58 156.193
7.62 154.176
7.66 152.248
7.7 150.291
7.74 148.425
7.78 146.532
7.82 144.733
7.86 143.031
7.9 141.181
7.94 139.551
7.98 137.898
8.02 136.221
8.06 132.768
8.1 128.769
8.14 127.255
8.18 125.782
8.22 124.315
8.26 122.853
8.3 121.501
8.34 120.078
8.38 118.766
8.42 117.736
8.46 116.481
8.5 115.262
8.54 114.025
8.58 112.879
8.62 111.772
8.66 110.663
8.7 109.564
8.74 108.533
8.78 107.53
8.82 106.278
8.86 105.343
8.9 104.421
8.94 103.599
8.98 102.694
9.02 101.932
9.06 101.188
9.1 100.348
9.14 99.6808
9.18 99.0329
9.22 98.4041
9.26 97.7513
9.3 97.1906
9.34 96.6074
9.38 96.1319
9.42 95.6196
9.46 95.1439
9.5 94.7636
9.54 94.3769
9.58 93.9986
9.62 93.7033
9.66 93.4023
9.7 93.141
9.74 92.2234
9.78 91.2951
9.82 90.3408
9.86 89.4524
9.9 88.5229
9.94 87.6294
9.98 86.7259
10 86.2781
11 66.9401
12 50.275
13 42.0403
14 35.8322
15 31.0255
16 27.2011
17 24.0905
18 21.2112
19 18.746
20 16.6464
21 14.8354
22 13.2342
23 11.6018
24 10.2154
25 9.0365
26 8.02425
27 7.17063
28 6.52246
30 5.69229
32 5.1767
34 4.83606
36 4.80391
38 4.95265
40 5.2724
42 5.75795
44 6.34599
46 7.05405
48 7.86202
50 8.749
52 9.59998
54 10.4811
56 11.435
58 12.3751
60 13.1748
62 14.0186
64 14.9085
66 15.7128
68 16.3263
70 16.9588
80 19.4312
90 20.6154
100 20.7925
110 20.2222
120 19.3566
130 18.2706
140 17.0002
150 15.4755
159.9 13.6418
300 2.82051
800 0.06809
1200 0.0114331
1272 0.00815977
1447 0.00451078
1646 0.00247552
1873 0.00135054
2131 0.000732521
2425 0.000395687
2759 0.000212831
3139 0.000114243
3572 6.12262e-05
4064 3.27393e-05
4624 1.749e-05
5261 9.32833e-06
5986 4.9674e-06
