0.1005 3.4838
0.1015 3.55318
0.1025 3.16753
0.1035 3.37541
0.1045 3.85478
0.1055 3.89424
0.1065 3.83488
0.1075 4.28057
0.1085 4.26208
0.1095 4.62771
0.1105 5.83071
0.1115 6.2866
0.1125 6.02694
0.1135 6.36055
0.1145 5.62501
0.1155 4.91232
0.1165 4.31735
0.1175 3.17467
0.1185 3.49407
0.1195 3.19367
0.1205 2.91544
0.1215 2.71019
0.1225 3.12423
0.1235 3.34281
0.1245 3.40638
0.1255 3.57784
0.1265 3.98643
0.1275 5.28253
0.1285 7.15407
0.1295 8.76622
0.1305 10.0485
0.1315 13.1645
0.1325 15.4753
0.1335 17.1151
0.1345 20.138
0.1355 20.4301
0.1365 21.8314
0.1375 23.8118
0.1385 24.8783
0.1395 26.3937
0.1405 26.8265
0.1415 28.4831
0.1425 29.0535
0.1435 28.2828
0.1442 31.422
0.1447 31.4497
0.1455 33.4363
0.1465 31.5332
0.1475 32.8006
0.1485 33.7594
0.1495 34.8268
0.1505 36.4237
0.1512 35.9061
0.1517 36.0618
0.1525 36.3452
0.1535 36.3361
0.1545 38.3844
0.1555 38.367
0.1565 36.0216
0.1575 41.2459
0.1585 43.6374
0.1595 46.6402
0.1605 43.6
0.1615 45.4497
0.1625 42.7141
0.1635 45.8129
0.1645 51.4778
0.1655 42.0067
0.1665 53.9746
0.1672 45.1749
0.1677 70.3002
0.1685 74.4635
0.1695 66.1686
0.1705 69.8912
0.1715 83.0792
0.1725 86.2184
0.1735 97.4839
0.1745 94.3797
0.1755 109.026
0.1765 88.9507
0.1775 105.715
0.1785 107.75
0.1795 132.164
0.1805 124.743
0.1815 130.755
0.1825 123.896
0.1835 121.347
0.1845 104.611
0.1855 123.939
0.1865 143.97
0.1875 138.65
0.1885 143.534
0.1895 157.813
0.1905 150.315
0.1915 160.928
0.1925 151.188
0.1935 111.132
0.1945 175.471
0.1955 181.34
0.1967 204.076
0.1976 193.859
0.1984 201.866
0.1995 201.912
0.2005 187.643
0.2015 190.941
0.2025 171.854
0.2035 207.849
0.2045 227.705
0.2055 220.384
0.2065 210.611
0.2074 246.184
0.2078 298.845
0.2085 309.885
0.2095 292.282
0.2105 271
0.2115 289.336
0.2125 279.233
0.2135 244.193
0.2145 296.585
0.2155 298.862
0.2165 271.69
0.2175 276.503
0.2185 309.909
0.2195 331.489
0.2205 314.792
0.2215 267.738
0.2225 278.784
0.2235 346.702
0.2245 323.354
0.2255 274.555
0.2265 272.452
0.2275 302.777
0.2285 347.704
0.2295 308.356
0.2305 345.849
0.2315 321.391
0.2325 244.399
0.2335 248.815
0.2345 189.445
0.2355 303.703
0.2365 204.522
0.2375 257.835
0.2385 167.914
0.2395 207.35
0.2405 205.925
0.2415 229.789
0.2425 332.754
0.2435 327.464
0.2445 372.708
0.2455 380.829
0.2465 367.147
0.2475 330.422
0.2485 291.632
0.2495 295.488
0.2505 408.353
0.2513 248.507
0.2518 205.512
0.2525 214.287
0.2535 261.272
0.2545 279.461
0.2555 378.056
0.2565 326.899
0.2575 385.292
0.2585 367.148
0.2595 345.62
0.2605 313.478
0.2615 285.806
0.2625 375.073
0.2635 480.334
0.2645 627.021
0.2655 730.314
0.2665 549.795
0.2675 620.212
0.2685 657.887
0.2695 551.443
0.2705 627.433
0.2715 517.131
0.2725 502.997
0.2735 570.918
0.2745 359.562
0.2755 436.185
0.2765 518.147
0.2775 574.93
0.2785 416.578
0.2795 182.715
0.2805 227.703
0.2815 558.392
0.2825 721.174
0.2835 705.719
0.2845 643.644
0.2855 493.795
0.2865 750.982
0.2875 811.897
0.2885 777.369
0.2895 806.938
0.291 1004.48
0.293 926.92
0.295 902.983
0.297 965.693
0.299 986.805
0.301 1030.17
0.303 1045.9
0.305 1084.84
0.307 1126.45
0.309 1154.93
0.311 1193.55
0.313 1168.35
0.315 1184.28
0.317 1238.27
0.319 1127.62
0.321 1232.72
0.323 1105.47
0.325 1325.09
0.327 1465.85
0.329 1456.33
0.331 1461.14
0.333 1472.41
0.335 1454.25
0.337 1299.92
0.339 1385.48
0.341 1410.32
0.343 1458.81
0.345 1507.77
0.347 1528.38
0.349 1614.77
0.351 1686.62
0.353 1599.64
0.355 1771.75
0.357 1484.34
0.359 1483.89
0.361 1648.24
0.363 1702.6
0.364 1734.86
0.365 1903.69
0.367 1904.26
0.369 1791.14
0.371 1974.86
0.373 1703.95
0.375 1950.35
0.377 2202.05
0.379 2387.79
0.381 2527.9
0.383 1914.3
0.385 2489.54
0.387 2617.82
0.389 2311.1
0.391 2911.37
0.393 1809.71
0.395 2634.3
0.397 1794.19
0.399 3298.44
0.401 3612.77
0.403 3652.45
0.405 3580.54
0.407 3481.9
0.409 3626.9
0.411 3284.19
0.413 3702.73
0.415 3779.46
0.417 3803.79
0.419 3786.21
0.421 3843.36
0.423 3770.68
0.425 3888.18
0.427 3764.61
0.429 3644.96
0.431 3297.65
0.433 3777.31
0.435 3567.35
0.437 4243.5
0.439 4044.15
0.441 4172.45
0.443 4332.06
0.445 4370.1
0.447 4551.35
0.449 4612.31
0.451 5034.96
0.453 4621.28
0.455 4737.28
0.457 5036.09
0.459 4832.77
0.461 4964.19
0.463 4873.72
0.465 4952.72
0.467 5096.09
0.469 5017.08
0.471 4888.93
0.473 5087.64
0.475 5205.43
0.477 5197.06
0.479 5193.13
0.481 5168.97
0.483 5243.54
0.485 4825.72
0.487 4305.49
0.489 5092.49
0.491 5148.09
0.493 5087.17
0.495 5303.68
0.497 5285.05
0.499 4997.93
0.501 4816.01
0.503 5066.27
0.505 5061.72
0.507 5251.46
0.509 5048.35
0.511 5149.3
0.513 5014.08
0.515 4890.2
0.517 4693.23
0.519 4795.07
0.521 5005.73
0.523 5196.15
0.525 5357.1
0.527 4894.73
0.529 5400.51
0.531 5616.76
0.533 5148.36
0.535 5514.03
0.537 5501.83
0.539 5414.36
0.541 5336.65
0.543 5428.01
0.545 5590.45
0.547 5486.68
0.549 5509.43
0.551 5490.48
0.553 5599.57
0.555 5671.32
0.557 5578.86
0.559 5496.46
0.561 5660.04
0.563 5640.3
0.565 5689.32
0.567 5577.89
0.569 5718.51
0.571 5583.76
0.573 5936.45
0.575 5767.54
0.577 5835.55
0.579 5674.73
0.581 5849.04
0.583 5973.13
0.585 5845
0.587 5866.42
0.589 5443.24
0.591 5815.43
0.593 5842.36
0.595 5853.34
0.597 5926.98
0.599 5853.18
0.601 5784.64
0.603 5895.22
0.605 5984.24
0.607 5971.39
0.609 5812.54
0.611 5828.65
0.613 5597.65
0.615 5715.07
0.617 5557.3
0.619 5820.28
0.621 5798.13
0.623 5666.13
0.625 5505.68
0.627 5742.34
0.629 5811.36
0.631 5684.94
0.633 5753.99
0.635 5769.06
0.637 5749.89
0.639 5833.51
0.641 5731.19
0.643 5783.62
0.645 5765.38
0.647 5761.13
0.649 5660.03
0.651 5809.47
0.653 5792.22
0.655 5571.54
0.657 5081.38
0.659 5713.43
0.661 5819.58
0.663 5806.41
0.665 5812.56
0.667 5729.02
0.669 5832.82
0.671 5678.14
0.673 5803.57
0.675 5728.48
0.677 5763.64
0.679 5724.27
0.681 5736.14
0.683 5786.36
0.685 5669.43
0.687 5746.4
0.689 5811.94
0.691 5786.61
0.693 5755.95
0.695 5736.91
0.697 5784.07
0.699 5761.4
0.701 5664.86
0.703 5761.73
0.705 5798.79
0.707 5702.99
0.709 5627.32
0.711 5549.4
0.713 5483.15
0.715 5484.55
0.717 5529.67
0.719 5413.36
0.721 5525.29
0.723 5598.9
0.725 5621.48
0.727 5636.98
0.729 5543.86
0.731 5648.36
0.733 5663.81
0.735 5695.43
0.737 5788.34
0.739 5688.51
0.741 5651.41
0.743 5761.04
0.745 5778.38
0.747 5828.56
0.749 5811.23
0.751 5861.6
0.753 5921.36
0.755 5959.22
0.757 5930.63
0.759 5870.27
0.761 5824.39
0.763 5787.51
0.765 5742.88
0.767 5557.41
0.769 5688.37
0.771 5603.34
0.773 5625.42
0.775 5588.87
0.777 5656.44
0.779 5693.83
0.781 5689.37
0.783 5650.38
0.785 5607.28
0.787 5675.4
0.789 5603.08
0.791 5503.28
0.793 5505.57
0.795 5470.91
0.797 5624.85
0.799 5625.3
0.801 5653.08
0.803 5669.16
0.805 5657.72
0.807 5695.43
0.809 5632.47
0.811 5672.15
0.813 5771.54
0.815 5799.67
0.817 5831.87
0.819 5706.09
0.821 5667.88
0.823 5695.76
0.825 5713.63
0.827 5773.95
0.829 5735.25
0.831 5592.79
0.833 5571.65
0.835 5591.15
0.837 5627.03
0.839 5482.66
0.841 5631.33
0.843 5469.67
0.845 5445.49
0.847 5433.55
0.849 5471.27
0.851 5226.37
0.853 5465.79
0.855 4939.72
0.857 5606.57
0.859 5506.34
0.861 5527.57
0.863 5662.69
0.865 5644.11
0.867 5026
0.869 5532.23
0.871 5700.29
0.873 5715.5
0.875 5551.18
0.877 5739.55
0.879 5791.29
0.881 5699.01
0.883 5746.46
0.885 5716.24
0.887 5477.8
0.889 5685.61
0.891 5755
0.893 5663.2
0.895 5678.07
0.897 5695.13
0.899 5696.86
0.901 5421.19
0.903 5656.02
0.905 5845.42
0.907 5818.45
0.909 5700.27
0.911 5781.8
0.913 5879.25
0.915 5851.89
0.917 5851.24
0.919 5899.92
0.921 5719.27
0.923 5517.48
0.925 5628.87
0.927 5695.39
0.929 5680.44
0.931 5719.96
0.933 5718.57
0.935 5710.28
0.937 5637.8
0.939 5711.77
0.941 5581.41
0.943 5729.19
0.945 5653.61
0.947 5758.11
0.949 5767.96
0.951 5696.48
0.953 5682.84
0.955 5466.14
0.957 5643.57
0.959 5756.11
0.961 5695.34
0.963 5707.19
0.965 5643.61
0.967 5638.77
0.969 5716.71
0.971 5669.2
0.973 5635.72
0.975 5613.96
0.977 5637.41
0.979 5577.21
0.981 5689.25
0.983 5652.82
0.985 5681.16
0.987 5646.89
0.989 5643.84
0.991 5626.19
0.993 5652.11
0.995 5658.62
0.997 5665.13
0.999 5647.21
1.003 5601.22
1.007 5522.7
1.013 5624.9
1.017 5577.54
1.022 5599.98
1.028 5625.32
1.032 5556.44
1.038 5540.57
1.043 5567.26
1.048 5509.46
1.052 5502.22
1.058 5445.73
1.063 5419.52
1.068 5353.7
1.072 5381.61
1.078 5356.43
1.082 5297.01
1.087 5286.96
1.092 5231.25
1.098 5235.86
1.102 5263.01
1.108 5237.53
1.113 5220.37
1.117 5184.56
1.122 5196.8
1.128 5136.42
1.133 5137.04
1.138 5118.01
1.143 5076.28
1.147 5133.27
1.153 5129.13
1.157 5076.27
1.162 5015.9
1.167 5020.38
1.173 5063.38
1.177 4971.39
1.183 4950.49
1.187 4886.04
1.192 4970.68
1.198 4834.73
1.203 4916.62
1.207 4876.96
1.212 4888.27
1.218 4912.47
1.223 4887.82
1.227 4861.84
1.232 4839.52
1.237 4834.99
1.243 4803.78
1.248 4798.71
1.253 4765.9
1.258 4757.27
1.262 4738.48
1.267 4707.73
1.272 4716.98
1.278 4714.26
1.283 4516.44
1.288 4653.61
1.292 4620.71
1.298 4667.54
1.302 4615.12
1.308 4639.59
1.313 4567.52
1.318 4559.15
1.323 4569.99
1.328 4502.9
1.332 4519.72
1.338 4491.05
1.343 4511.11
1.347 4478.48
1.352 4462.07
1.357 4405.65
1.363 4401.82
1.367 4414.74
1.373 4427.4
1.377 4420.11
1.382 4426.05
1.388 4401.18
1.393 4301.35
1.397 4286.4
1.402 4243.52
1.408 4282.31
1.412 4239.29
1.418 4281.55
1.423 4234.07
1.428 4189.65
1.433 4256.83
1.438 4278.7
1.442 4174.36
1.448 4262.48
1.452 4213.95
1.457 4246.25
1.462 4196.54
1.467 4189.39
1.472 4146.12
1.477 4171.03
1.483 4191.61
1.488 4154.85
1.492 4242.56
1.498 4208.39
1.503 4167.35
1.507 4160.04
1.512 4229.25
1.517 4243.23
1.522 4234.9
1.528 4266.54
1.533 4250.53
1.537 4257.87
1.543 4240.57
1.548 4254.31
1.552 4219.81
1.557 4123.09
1.562 4197.39
1.567 4153.41
1.572 4216.58
1.578 4039.93
1.583 4079.8
1.587 4012.57
1.593 4148.38
1.598 4110.65
1.605 4132.59
1.615 4146.5
1.625 4112.61
1.635 4173.88
1.645 4034.64
1.655 4127.9
1.665 4056.04
1.675 4026.8
1.685 3941.75
1.695 3997.44
1.705 3917.31
1.715 3888.33
1.725 3813.66
1.735 3696.75
1.745 3700.59
1.755 3653.19
1.765 3603.3
1.775 3531.79
1.785 3494.99
1.795 3431.25
1.805 3361.33
1.815 3289.05
1.825 3275.97
1.835 3249.09
1.845 3191.52
1.855 3171.2
1.865 3100.82
1.875 3018.06
1.885 3047.5
1.895 2957.66
1.905 2999.8
1.915 2956.59
1.925 2931.6
1.935 2869.3
1.945 2794.32
1.955 2817.76
1.965 2780.34
1.975 2730.32
1.985 2708.73
1.995 2685.83
2.005 2679.22
2.015 2657.14
2.025 2605.53
2.035 2583.57
2.045 2589.79
2.055 2560.28
2.065 2531.88
2.075 2517.78
2.085 2493.24
2.095 2461.19
2.105 2463.17
2.115 2432.5
2.125 2410.77
2.135 2405.95
2.145 2383.16
2.155 2358.48
2.165 2305.42
2.175 2302.26
2.185 2288.28
2.195 2274.09
2.205 2230.58
2.215 2234.2
2.225 2194.29
2.235 2177.4
2.245 2158.62
2.255 2141.24
2.265 2108.14
2.275 2105.22
2.285 2069.26
2.295 1814.81
2.305 1913.94
2.315 1905.84
2.325 1690.29
2.335 1791.68
2.345 1753.52
2.355 1588.41
2.365 1695.68
2.375 1654.12
2.385 1522.42
2.395 1603.11
2.405 1589.23
2.415 1474.31
2.425 1526.03
2.435 1509.72
2.445 1438.27
2.455 1424.36
2.465 1447.63
2.475 1399.69
2.485 1314.29
2.495 1321.4
2.505 1345.06
2.515 1264.41
2.525 1297.2
2.535 1299.24
2.545 1273.9
2.555 1265.8
2.565 1268.87
2.575 1281.37
2.585 1235.19
2.595 1248.85
2.605 1256.2
2.615 1232.92
2.625 1211.98
2.635 1226.26
2.645 1220.57
2.655 1206.38
2.665 1186.18
2.675 1203.05
2.685 1196.39
2.695 1173.2
2.705 1178.21
2.715 1169.97
2.725 1168.29
2.735 1147.18
2.745 1148.7
2.755 1140.09
2.765 1130.05
2.775 1117.19
2.785 1117.81
2.795 1116.36
2.805 1105.28
2.815 1093.41
2.825 1089.7
2.835 1085.94
2.845 1075.87
2.855 1067.79
2.865 1060.33
2.875 1047.88
2.885 1045.18
2.895 1039.61
2.905 1032.56
2.915 1026.86
2.925 1011.8
2.935 1012.39
2.945 1001.45
2.955 996.19
2.965 991.594
2.975 983.309
2.985 975.674
2.995 968.7
3.005 961.657
3.015 958.966
3.025 949.587
3.035 937.156
3.045 939.501
3.055 933.629
3.065 928.45
3.075 924.717
3.085 915.668
3.095 913.344
3.105 910.982
3.115 899.459
3.125 898.531
3.135 893.748
3.145 888.145
3.155 882.491
3.165 875.236
3.175 872.573
3.185 867.54
3.195 864.8
3.21 855.529
3.23 845.869
3.25 836.817
3.27 825.188
3.29 814.966
3.31 808.113
3.33 795.101
3.35 786.781
3.37 775.919
3.39 765.618
3.41 754.722
3.43 747.418
3.45 738.293
3.47 728.162
3.49 718.8
3.51 710.231
3.53 699.36
3.55 691.441
3.57 681.642
3.59 672.662
3.61 665.915
3.63 657.012
3.65 647.167
3.67 638.697
3.69 627.938
3.71 619.559
3.73 613.059
3.75 601.23
3.77 597.99
3.79 589.773
3.81 583.486
3.83 577.284
3.85 570.705
3.87 561.475
3.89 555.157
3.91 548.366
3.93 542.529
3.95 533.424
3.97 527.784
3.99 518.844
4.01 514.391
4.03 509.275
4.05 500.823
4.07 496.731
4.09 491.18
4.11 486.254
4.13 480.848
4.15 474.461
4.17 468.191
4.19 463.577
4.21 457.151
4.23 454.052
4.25 447.789
4.27 443.743
4.29 424.441
4.31 405.678
4.33 408.09
4.35 391.378
4.37 383.142
4.39 378.247
4.41 364.133
4.43 361.564
4.45 357.109
4.47 346.593
4.49 348.363
4.51 341.982
4.53 334.535
4.55 335.456
4.57 333.247
4.59 324.053
4.61 326.704
4.63 322.353
4.65 319.201
4.67 319.434
4.69 316.333
4.71 312.159
4.73 313.947
4.75 309.008
4.77 307.047
4.79 305.409
4.81 300.456
4.83 302.768
4.85 298.69
4.87 295.044
4.89 293.03
4.91 290.87
4.93 288.441
4.95 285.258
4.97 285.196
4.99 281.956
5.01 280.639
5.03 278.564
5.05 274.86
5.07 273.968
5.09 272.188
5.11 269.138
5.13 268.061
5.15 265.709
5.17 265.984
5.19 263.082
5.21 261.677
5.23 258.849
5.25 258.043
5.27 257.997
5.29 253.677
5.31 251.653
5.33 250.778
5.35 248.843
5.37 247.412
5.39 245.832
5.41 244.233
5.43 241.422
5.45 241.246
5.47 238.657
5.49 237.518
5.51 235.557
5.53 236.817
5.55 232.25
5.57 232.679
5.59 230.101
5.61 229.553
5.63 226.658
5.65 226.635
5.67 225.083
5.69 222.402
5.71 222.486
5.73 220.886
5.75 219.409
5.77 217.776
5.79 217.258
5.81 215.169
5.83 214.059
5.85 212.793
5.87 210.795
5.89 209.643
5.91 208.189
5.93 207.445
5.95 205.819
5.97 205.052
5.99 203.837
6.01 202.609
6.03 201.368
6.05 199.524
6.07 198.403
6.09 197.272
6.11 195.83
6.13 200.964
6.15 199.967
6.17 199.11
6.19 197.941
6.21 196.912
6.23 195.567
6.25 194.21
6.27 193.147
6.29 186.541
6.31 184.822
6.33 184.326
6.35 183.046
6.37 182.378
6.39 180.921
6.42 179.575
6.46 177.38
6.5 175.62
6.54 173.665
6.58 171.834
6.62 169.968
6.66 168.066
6.7 166.129
6.74 164.075
6.78 162.184
6.82 160.291
6.86 158.55
6.9 156.676
6.94 154.889
6.98 153.173
7.02 151.427
7.06 149.788
7.1 148.122
7.14 146.533
7.18 144.933
7.22 143.377
7.26 141.83
7.3 140.383
7.34 140.847
7.38 141.65
7.42 140.152
7.46 138.667
7.5 137.34
7.54 136.046
7.58 134.528
7.62 133.022
7.66 131.531
7.7 130.055
7.74 128.65
7.78 127.358
7.82 126.045
7.86 124.789
7.9 123.571
7.94 122.354
7.98 121.216
8.02 120.06
8.06 116.997
8.1 113.481
8.14 112.411
8.18 111.465
8.22 110.544
8.26 109.629
8.3 108.761
8.34 107.96
8.38 107.148
8.42 106.651
8.46 105.959
8.5 105.297
8.54 104.624
8.58 104.025
8.62 103.457
8.66 102.773
8.7 102.015
8.74 101.246
8.78 100.53
8.82 99.5655
8.86 98.9999
8.9 98.4251
8.94 97.9502
8.98 97.4671
9.02 97.0859
9.06 96.7635
9.1 96.4127
9.14 96.1894
9.18 96.0274
9.22 95.8825
9.26 95.778
9.3 95.7602
9.34 95.7612
9.38 95.8505
9.42 95.9606
9.46 96.1136
9.5 96.3347
9.54 96.6001
9.58 96.9352
9.62 97.2928
9.66 97.7447
9.7 98.2203
9.74 97.6971
9.78 97.0953
9.82 96.4608
9.86 95.8421
9.9 95.2393
9.94 94.6285
9.98 94.0586
10 93.7584
11 80.75
12 68.0982
13 63.4201
14 59.5774
15 56.3943
16 53.6656
17 51.1642
18 48.3255
19 45.6817
20 43.3076
21 41.1741
22 38.9536
23 35.5212
24 32.4866
25 29.7913
26 27.4069
27 25.3082
28 23.6942
30 21.6197
32 19.9497
34 18.5636
36 17.6064
38 17.0436
40 16.5824
42 16.2316
44 16.0371
46 15.9008
48 15.8769
50 15.9277
52 15.8408
54 15.7377
56 15.7049
58 15.699
60 15.5662
62 15.464
64 15.3734
66 15.2379
68 15.0004
70 14.7661
80 13.5708
90 12.0901
100 10.6071
110 9.11494
120 7.95896
130 6.90095
140 5.92354
150 5.10076
159.9 4.23823
300 0.570243
800 0.010012
1200 0.00161378
1272 0.00114662
1447 0.000628502
1646 0.000341705
1873 0.000184212
2131 9.8494e-05
2425 5.23742e-05
2759 2.7755e-05
3139 1.47077e-05
3572 7.80282e-06
4064 4.14491e-06
4624 2.20384e-06
5261 1.17108e-06
5986 6.21921e-07
