0.1005 6.15106
0.1015 6.30965
0.1025 5.47481
0.1035 5.89235
0.1045 6.83321
0.1055 6.61574
0.1065 5.9856
0.1075 6.24225
0.1085 5.74286
0.1095 6.31293
0.1105 6.08784
0.1115 5.98891
0.1125 5.46845
0.1135 6.05848
0.1145 5.882
0.1155 5.82883
0.1165 5.71442
0.1175 4.44654
0.1185 5.4827
0.1195 5.08333
0.1205 4.59451
0.1215 4.26966
0.1225 5.06589
0.1235 5.45013
0.1245 5.48664
0.1255 5.3898
0.1265 5.32428
0.1275 5.58589
0.1285 5.60084
0.1295 5.08041
0.1305 5.10277
0.1315 5.51056
0.1325 5.34509
0.1335 5.06111
0.1345 5.38732
0.1355 5.29828
0.1365 5.05409
0.1375 5.04433
0.1385 5.00844
0.1395 4.12567
0.1405 4.06155
0.1415 4.89833
0.1425 4.80786
0.1435 4.96659
0.1442 5.07424
0.1447 5.04062
0.1455 5.02096
0.1465 4.83415
0.1475 4.93842
0.1485 5.04667
0.1495 5.07354
0.1505 5.0788
0.1512 4.88943
0.1517 4.92109
0.1525 5.0944
0.1535 4.96485
0.1545 4.81427
0.1555 5.21895
0.1565 5.50173
0.1575 6.53044
0.1585 7.40243
0.1595 7.78778
0.1605 7.27192
0.1615 8.15359
0.1625 8.12555
0.1635 8.69738
0.1645 10.6122
0.1655 8.60218
0.1665 12.3728
0.1672 10.2869
0.1677 15.1552
0.1685 16.248
0.1695 15.3755
0.1705 16.6729
0.1715 19.3617
0.1725 20.3902
0.1735 23.1884
0.1745 23.1916
0.1755 26.8117
0.1765 22.4003
0.1775 26.1388
0.1785 28.0838
0.1795 33.5548
0.1805 34.8594
0.1815 35.5713
0.1825 34.4757
0.1835 35.5638
0.1845 29.1283
0.1855 35.3706
0.1865 41.6277
0.1875 40.9577
0.1885 42.2666
0.1895 47.0688
0.1905 45.3078
0.1915 49.2858
0.1925 46.8314
0.1935 35.6584
0.1945 54.7035
0.1955 56.7144
0.1967 64.8662
0.1976 60.8734
0.1984 64.7246
0.1995 66.0068
0.2005 61.5351
0.2015 65.1464
0.2025 55.8236
0.2035 71.097
0.2045 78.9889
0.2055 77.1237
0.2065 74.5199
0.2074 86.4744
0.2078 114.881
0.2085 126.278
0.2095 118.814
0.2105 112.42
0.2115 124.828
0.2125 114.673
0.2135 105.624
0.2145 131.357
0.2155 131.031
0.2165 116.699
0.2175 119.237
0.2185 142.103
0.2195 149.042
0.2205 142.939
0.2215 118.083
0.2225 131.759
0.2235 167.606
0.2245 157.662
0.2255 128.18
0.2265 122.783
0.2275 135.772
0.2285 167.624
0.2295 144.634
0.2305 170.502
0.2315 154.859
0.2325 127.523
0.2335 118.41
0.2345 86.3
0.2355 148.816
0.2365 95.6945
0.2375 122.847
0.2385 77.206
0.2395 96.7942
0.2405 96.5927
0.2415 110.158
0.2425 172.283
0.2435 170.84
0.2445 198.662
0.2455 206.491
0.2465 191.732
0.2475 169.94
0.2485 126.271
0.2495 140.956
0.2505 205.071
0.2513 111.43
0.2518 87.4746
0.2525 94.7112
0.2535 134.039
0.2545 143.937
0.2555 219.596
0.2565 179.437
0.2575 219.738
0.2585 202.649
0.2595 187.363
0.2605 165.944
0.2615 150.262
0.2625 200.961
0.2635 297.299
0.2645 395.084
0.2655 501.37
0.2665 354.005
0.2675 400.292
0.2685 446.921
0.2695 347.17
0.2705 409.386
0.2715 315.934
0.2725 282.792
0.2735 337.619
0.2745 204.357
0.2755 264.72
0.2765 333.418
0.2775 361.441
0.2785 241.259
0.2795 103.203
0.2805 129.284
0.2815 340.79
0.2825 460.998
0.2835 444.108
0.2845 360.49
0.2855 232.752
0.2865 456.607
0.2875 552.503
0.2885 511.034
0.2895 579.397
0.291 747.949
0.293 674.928
0.295 644.401
0.297 679.289
0.299 694.852
0.301 714.044
0.303 746.419
0.305 784.969
0.307 826.883
0.309 823.229
0.311 906.018
0.313 867.326
0.315 865.579
0.317 940.323
0.319 843.139
0.321 933.401
0.323 817.888
0.325 1066.67
0.327 1222.11
0.329 1208.09
0.331 1170.16
0.333 1196.94
0.335 1172.44
0.337 951.031
0.339 1066.02
0.341 1094.82
0.343 1157.26
0.345 1204.15
0.347 1243.48
0.349 1359.19
0.351 1439.35
0.353 1331.29
0.355 1518.81
0.357 1163.44
0.359 1166.05
0.361 1379.14
0.363 1439.9
0.364 1491.17
0.365 1656.97
0.367 1719.24
0.369 1596.03
0.371 1719.8
0.373 1322.19
0.375 1496.17
0.377 1794.57
0.379 1883.27
0.381 1881.28
0.383 1276.06
0.385 1683.31
0.387 1697.06
0.389 1802.19
0.391 2160.28
0.393 1226.47
0.395 1945.84
0.397 1371.06
0.399 2633.76
0.401 2873.45
0.403 2876.81
0.405 2797.38
0.407 2692.38
0.409 3103.34
0.411 2908.75
0.413 2984.73
0.415 2973.77
0.417 3019.32
0.419 2971.07
0.421 3013.9
0.423 2915.95
0.425 3051.21
0.427 2923.19
0.429 2761.43
0.431 2425.86
0.433 3273.65
0.435 3202.93
0.437 3568.56
0.439 3268.23
0.441 3451.18
0.443 3695.94
0.445 3721.71
0.447 3945.28
0.449 4042.38
0.451 4511.53
0.453 4047.56
0.455 4214.06
0.457 4528.02
0.459 4332.31
0.461 4454.72
0.463 4388.97
0.465 4461.73
0.467 4639.81
0.469 4595.85
0.471 4484.04
0.473 4644.7
0.475 4780.68
0.477 4755.39
0.479 4772.08
0.481 4785.45
0.483 4920.37
0.485 4670.13
0.487 4265.19
0.489 4811.8
0.491 4838.17
0.493 4763.94
0.495 4975.25
0.497 4937.87
0.499 4641.94
0.501 4445.76
0.503 4713.38
0.505 4711.5
0.507 4916.48
0.509 4693.4
0.511 4812.69
0.513 4677.92
0.515 4534.95
0.517 4264.07
0.519 4411.24
0.521 4711.87
0.523 5018.24
0.525 5223.21
0.527 4697.99
0.529 5309.78
0.531 5608.1
0.533 5034.4
0.535 5471.93
0.537 5455.87
0.539 5369.83
0.541 5305.08
0.543 5394.9
0.545 5555.68
0.547 5471.86
0.549 5518
0.551 5481.88
0.553 5663.6
0.555 5755.85
0.557 5647.7
0.559 5550.06
0.561 5741.72
0.563 5735.34
0.565 5821.08
0.567 5702.77
0.569 5881.64
0.571 5711.94
0.573 6156.94
0.575 5975
0.577 6046.79
0.579 5858.96
0.581 6080.8
0.583 6248.54
0.585 6090.84
0.587 6111.67
0.589 5519.25
0.591 6048.77
0.593 6105.53
0.595 6126.12
0.597 6232.02
0.599 6159.16
0.601 6093.84
0.603 6245.39
0.605 6369.08
0.607 6361.18
0.609 6183.24
0.611 6220.16
0.613 5927.69
0.615 6093.51
0.617 5836.21
0.619 6171.05
0.621 6140.27
0.623 5982
0.625 5822.56
0.627 6092.93
0.629 6202.25
0.631 6071.69
0.633 6168.46
0.635 6209.56
0.637 6194.44
0.639 6300.86
0.641 6194.09
0.643 6261.54
0.645 6245.91
0.647 6243.26
0.649 6143.31
0.651 6352.73
0.653 6367.81
0.655 6195.65
0.657 5789.83
0.659 6305.24
0.661 6391.84
0.663 6361.56
0.665 6371.7
0.667 6263.77
0.669 6369.05
0.671 6164.34
0.673 6324.69
0.675 6242.43
0.677 6283.96
0.679 6237.84
0.681 6274.75
0.683 6353.6
0.685 6223.03
0.687 6325.36
0.689 6423.48
0.691 6413.91
0.693 6390.04
0.695 6389.56
0.697 6479.09
0.699 6464.39
0.701 6387.47
0.703 6515.73
0.705 6558.26
0.707 6403.66
0.709 6257.73
0.711 6149.58
0.713 6045.58
0.715 6043.08
0.717 6123.41
0.719 5993.71
0.721 6137.95
0.723 6268.14
0.725 6320.01
0.727 6367.13
0.729 6295.35
0.731 6456.88
0.733 6489.51
0.735 6562.23
0.737 6720.52
0.739 6618.06
0.741 6605.72
0.743 6775.23
0.745 6793.47
0.747 6893.04
0.749 6891.11
0.751 6965.73
0.753 7066.26
0.755 7126.14
0.757 7103.8
0.759 6998.61
0.761 6913.47
0.763 6807.04
0.765 6705.14
0.767 6440.82
0.769 6604.14
0.771 6495.4
0.773 6533.29
0.775 6497.45
0.777 6598.81
0.779 6647.6
0.781 6659.36
0.783 6617.81
0.785 6559.92
0.787 6678.4
0.789 6609.46
0.791 6486.26
0.793 6513.45
0.795 6486.6
0.797 6692.74
0.799 6714.98
0.801 6797.2
0.803 6830.56
0.805 6836.61
0.807 6924.99
0.809 6876.1
0.811 6948.27
0.813 7114.79
0.815 7182.21
0.817 7244.31
0.819 7066.98
0.821 7022.78
0.823 7073.49
0.825 7085.07
0.827 7164.14
0.829 7113.77
0.831 6921.71
0.833 6887.34
0.835 6915.24
0.837 6960.29
0.839 6759.96
0.841 6976.38
0.843 6700.4
0.845 6612.8
0.847 6616.92
0.849 6661.43
0.851 6399.15
0.853 6675.41
0.855 6120.86
0.857 6881.66
0.859 6815.88
0.861 6884.49
0.863 7017.93
0.865 7034.2
0.867 6354.26
0.869 6907.06
0.871 7136.34
0.873 7194.31
0.875 7121.48
0.877 7263.08
0.879 7327.5
0.881 7206.28
0.883 7288.73
0.885 7299.22
0.887 7062.2
0.889 7205.17
0.891 7288.08
0.893 7176.82
0.895 7192.89
0.897 7239.48
0.899 7261.74
0.901 7026.52
0.903 7294.05
0.905 7494.97
0.907 7486.84
0.909 7342.52
0.911 7445.47
0.913 7567.44
0.915 7534.2
0.917 7544.42
0.919 7623.42
0.921 7383.04
0.923 7229.49
0.925 7251.45
0.927 7304.98
0.929 7244.88
0.931 7304.82
0.933 7314.17
0.935 7298.03
0.937 7198.87
0.939 7322.87
0.941 7191.18
0.943 7366.9
0.945 7279.63
0.947 7430.36
0.949 7452.52
0.951 7371.14
0.953 7406.11
0.955 7246.18
0.957 7359.04
0.959 7491.89
0.961 7409.42
0.963 7451.05
0.965 7335.19
0.967 7350.39
0.969 7464.51
0.971 7387.4
0.973 7336.4
0.975 7324.94
0.977 7366.56
0.979 7275.05
0.981 7450.13
0.983 7398.42
0.985 7460.4
0.987 7415.09
0.989 7416.66
0.991 7377.71
0.993 7419.63
0.995 7441.35
0.997 7449.51
0.999 7437.27
1.003 7419.26
1.007 7346.08
1.013 7444.98
1.017 7377.5
1.022 7413.77
1.028 7450.3
1.032 7373.94
1.038 7353.24
1.043 7402.86
1.048 7338.5
1.052 7316.4
1.058 7235.73
1.063 7209.16
1.068 7140.61
1.072 7185.58
1.078 7159.77
1.082 7077.37
1.087 7084.19
1.092 7081.1
1.098 7040.06
1.102 7037.21
1.108 6992.58
1.113 6980.2
1.117 6939.16
1.122 6958.77
1.128 6894.66
1.133 6902.09
1.138 6873.7
1.143 6819.12
1.147 6905.42
1.153 6906.24
1.157 6844.37
1.162 6764.04
1.167 6778.85
1.173 6836.06
1.177 6713.58
1.183 6684.21
1.187 6597.77
1.192 6709.1
1.198 6524.4
1.203 6649.05
1.207 6604.63
1.212 6626.21
1.218 6658.18
1.223 6633.09
1.227 6597.16
1.232 6573.74
1.237 6570.12
1.243 6519.93
1.248 6519.84
1.253 6477.75
1.258 6473.63
1.262 6449.55
1.267 6412.16
1.272 6428.82
1.278 6442.62
1.283 6235.59
1.288 6365.94
1.292 6314.49
1.298 6385.34
1.302 6321.73
1.308 6357.98
1.313 6255.41
1.318 6254.12
1.323 6271.54
1.328 6188.6
1.332 6208.15
1.338 6168.73
1.343 6203.67
1.347 6170.81
1.352 6148.64
1.357 6081.8
1.363 6073.45
1.367 6108.02
1.373 6135.76
1.377 6126.45
1.382 6141.18
1.388 6104.56
1.393 5945.49
1.397 5927.39
1.402 5876.1
1.408 5935.73
1.412 5878.61
1.418 5945.09
1.423 5888.59
1.428 5820.84
1.433 5928.98
1.438 5971.21
1.442 5843.56
1.448 5959.52
1.452 5911.75
1.457 5953.93
1.462 5880.84
1.467 5868
1.472 5819.89
1.477 5865.79
1.483 5900.71
1.488 5850.74
1.492 5988.31
1.498 5950.21
1.503 5887.22
1.507 5894.68
1.512 6007.87
1.517 6033.93
1.522 6036.21
1.528 6086.01
1.533 6076.7
1.537 6088.38
1.543 6073.29
1.548 6095.08
1.552 6050.63
1.557 5912.27
1.562 5993.96
1.567 5969.44
1.572 6081.53
1.578 5777.23
1.583 5832.17
1.587 5796.15
1.593 5981.76
1.598 5893.95
1.605 5949.27
1.615 6013.81
1.625 5926.08
1.635 6062.69
1.645 5857.98
1.655 5994.94
1.665 5877.07
1.675 5857.66
1.685 5758.47
1.695 5814.56
1.705 5706.16
1.715 5659.09
1.725 5567.66
1.735 5428.75
1.745 5412.54
1.755 5342.04
1.765 5272.78
1.775 5173.41
1.785 5127.25
1.795 5038.71
1.805 4942.7
1.815 4867.58
1.825 4832.31
1.835 4788.87
1.845 4703.22
1.855 4679.48
1.865 4586.67
1.875 4487.49
1.885 4508.86
1.895 4369.02
1.905 4428.36
1.915 4365.61
1.925 4326.82
1.935 4232.12
1.945 4142.79
1.955 4153.46
1.965 4105.16
1.975 4023.92
1.985 3998.39
1.995 3966.94
2.005 3960.9
2.015 3925.8
2.025 3851.57
2.035 3822.12
2.045 3825.6
2.055 3781.36
2.065 3740.75
2.075 3719.33
2.085 3680.5
2.095 3631.14
2.105 3637.02
2.115 3588.1
2.125 3557.34
2.135 3552.28
2.145 3516.36
2.155 3478.49
2.165 3420.98
2.175 3398.29
2.185 3376.74
2.195 3353.37
2.205 3286.11
2.215 3298
2.225 3235.68
2.235 3210.69
2.245 3183.79
2.255 3161.15
2.265 3108.89
2.275 3108.7
2.285 3053.93
2.295 2644.05
2.305 2803.02
2.315 2794.69
2.325 2449.2
2.335 2613.87
2.345 2545.26
2.355 2294.9
2.365 2467.19
2.375 2395.19
2.385 2197.54
2.395 2327.36
2.405 2301.08
2.415 2128.23
2.425 2217.9
2.435 2185.62
2.445 2084.78
2.455 2066.58
2.465 2103.51
2.475 2031.2
2.485 1885.52
2.495 1891.41
2.505 1926.27
2.515 1812.44
2.525 1866.04
2.535 1868.26
2.545 1835.8
2.555 1829.1
2.565 1838
2.575 1857.44
2.585 1792.52
2.595 1813.59
2.605 1829.44
2.615 1799.09
2.625 1775.25
2.635 1789.54
2.645 1777.79
2.655 1762.47
2.665 1731.57
2.675 1765.19
2.685 1752.06
2.695 1712
2.705 1724.24
2.715 1712.14
2.725 1712.7
2.735 1680.46
2.745 1685.3
2.755 1680.56
2.765 1662.39
2.775 1639.32
2.785 1645.23
2.795 1644.1
2.805 1626.12
2.815 1607.01
2.825 1605.22
2.835 1598.17
2.845 1584.65
2.855 1572.92
2.865 1565.37
2.875 1552.05
2.885 1539.78
2.895 1531.33
2.905 1522.58
2.915 1513.74
2.925 1489.07
2.935 1492.76
2.945 1475.61
2.955 1468.56
2.965 1462.63
2.975 1449.54
2.985 1438.57
2.995 1428.71
3.005 1416.92
3.015 1415.07
3.025 1399.38
3.035 1385.84
3.045 1388.54
3.055 1374.8
3.065 1367.83
3.075 1361.2
3.085 1347.37
3.095 1345.42
3.105 1341.1
3.115 1321.46
3.125 1321.67
3.135 1312.46
3.145 1305.08
3.155 1297.43
3.165 1285.39
3.175 1280.8
3.185 1273.35
3.195 1267.57
3.21 1254.51
3.23 1238.81
3.25 1223.7
3.27 1206.08
3.29 1190.4
3.31 1176.46
3.33 1158.87
3.35 1145.77
3.37 1128.3
3.39 1113.08
3.41 1096.45
3.43 1085.14
3.45 1071.74
3.47 1055.76
3.49 1041.42
3.51 1028.04
3.53 1011.8
3.55 999.41
3.57 984.635
3.59 970.607
3.61 961.274
3.63 947.089
3.65 932.933
3.67 919.563
3.69 904.234
3.71 891.209
3.73 881.798
3.75 865.346
3.77 857.132
3.79 844.658
3.81 836.15
3.83 826.728
3.85 816.111
3.87 801.651
3.89 792.825
3.91 782.536
3.93 773.699
3.95 759.36
3.97 750.775
3.99 736.909
4.01 731.324
4.03 723.454
4.05 711.058
4.07 704.045
4.09 694.981
4.11 687.471
4.13 679.294
4.15 669.872
4.17 660.616
4.19 653.803
4.21 644.033
4.23 639.322
4.25 629.905
4.27 623.868
4.29 593.8
4.31 563.718
4.33 566.923
4.35 541.123
4.37 529.041
4.39 521.005
4.41 500.27
4.43 495.305
4.45 488.757
4.47 474.222
4.49 475.428
4.51 465.883
4.53 455.926
4.55 457.011
4.57 454.046
4.59 440.103
4.61 444.217
4.63 437.952
4.65 433.832
4.67 434.744
4.69 428.946
4.71 422.763
4.73 425.524
4.75 417.625
4.77 415.164
4.79 412.993
4.81 405.225
4.83 408.554
4.85 402.324
4.87 396.692
4.89 393.33
4.91 390.595
4.93 386.818
4.95 381.988
4.97 381.84
4.99 376.585
5.01 374.685
5.03 371.731
5.05 365.992
5.07 364.682
5.09 361.964
5.11 357.474
5.13 356.429
5.15 352.212
5.17 352.524
5.19 348.061
5.21 346.034
5.23 341.703
5.25 340.437
5.27 340.3
5.29 333.995
5.31 330.958
5.33 329.702
5.35 327.008
5.37 324.868
5.39 322.52
5.41 320.109
5.43 315.934
5.45 315.763
5.47 311.785
5.49 310.197
5.51 307.278
5.53 309.409
5.55 302.484
5.57 303.232
5.59 299.566
5.61 298.729
5.63 294.545
5.65 294.4
5.67 292.124
5.69 288.198
5.71 288.278
5.73 286.09
5.75 283.959
5.77 281.453
5.79 280.655
5.81 277.631
5.83 275.889
5.85 274.088
5.87 271.071
5.89 269.509
5.91 267.689
5.93 266.214
5.95 263.63
5.97 262.648
5.99 260.756
6.01 258.804
6.03 256.917
6.05 254.352
6.07 252.714
6.09 250.811
6.11 248.766
6.13 252.333
6.15 250.897
6.17 249.655
6.19 247.726
6.21 246.414
6.23 244.197
6.25 242.046
6.27 240.475
6.29 234.393
6.31 232.219
6.33 231.275
6.35 229.37
6.37 228.358
6.39 226.161
6.42 224.121
6.46 220.902
6.5 217.89
6.54 215.003
6.58 212.379
6.62 209.39
6.66 206.576
6.7 203.85
6.74 200.893
6.78 198.209
6.82 195.48
6.86 192.892
6.9 190.214
6.94 187.727
6.98 185.294
7.02 182.726
7.06 180.404
7.1 177.996
7.14 175.743
7.18 173.405
7.22 171.227
7.26 169.013
7.3 166.864
7.34 166.38
7.38 166.232
7.42 164.104
7.46 162.044
7.5 160.156
7.54 158.24
7.58 156.294
7.62 154.267
7.66 152.367
7.7 150.385
7.74 148.532
7.78 146.706
7.82 144.959
7.86 143.293
7.9 141.604
7.94 139.997
7.98 138.367
8.02 136.823
8.06 133.666
8.1 130.195
8.14 128.733
8.18 127.417
8.22 126.027
8.26 124.728
8.3 123.469
8.34 122.248
8.38 121.067
8.42 120.155
8.46 119.057
8.5 118
8.54 116.928
8.58 115.957
8.62 115.031
8.66 114.033
8.7 112.961
8.74 111.993
8.78 111.013
8.82 109.837
8.86 108.949
8.9 108.108
8.94 107.377
8.98 106.575
9.02 105.883
9.06 105.243
9.1 104.593
9.14 104.057
9.18 103.513
9.22 103.086
9.26 102.651
9.3 102.208
9.34 101.822
9.38 101.555
9.42 101.283
9.46 101.005
9.5 100.85
9.54 100.691
9.58 100.592
9.62 100.553
9.66 100.511
9.7 100.532
9.74 99.7532
9.78 99.0313
9.82 98.1666
9.86 97.3587
9.9 96.541
9.94 95.7812
9.98 95.0121
10 94.5901
11 77.8496
12 62.9766
13 56.096
14 50.7888
15 46.5567
16 43.084
17 40.1776
18 37.2249
19 34.5996
20 32.3512
21 30.3677
22 28.4451
23 25.8094
24 23.5345
25 21.5379
26 19.7809
27 18.2615
28 17.0744
30 15.4747
32 14.2655
34 13.3015
36 12.7488
38 12.4951
40 12.4151
42 12.4957
44 12.7194
46 13.0503
48 13.4936
50 14.0354
52 14.4623
54 14.901
56 15.4109
58 15.9298
60 16.2831
62 16.6655
64 17.0812
66 17.4264
68 17.5843
70 17.7537
80 18.183
90 17.6999
100 16.6927
110 15.3079
120 14.0293
130 12.7302
140 11.4134
150 10.1228
159.9 8.67237
300 1.47275
800 0.0307587
1200 0.00505478
1272 0.00359657
1447 0.00197924
1646 0.00108124
1873 0.000586818
2131 0.000316569
2425 0.000169973
2759 9.09653e-05
3139 4.85961e-05
3572 2.59362e-05
4064 1.38417e-05
4624 7.37889e-06
5261 3.93098e-06
5986 2.09011e-06
