0.101158 1176.23
0.102329 840.408
0.103514 1022.09
0.104713 1420.66
0.105925 1260.35
0.107152 1214.76
0.108393 1082.66
0.109648 1292.68
0.110917 1203.62
0.112202 1062.9
0.113501 1248.79
0.114815 1178.92
0.116145 1173.53
0.11749 757.688
0.11885 1087.65
0.120226 858.004
0.121619 565.579
0.123027 1045.9
0.124451 1120.7
0.125893 1123.29
0.12735 1220.36
0.128825 1200.86
0.130317 1112.99
0.131826 1231.66
0.133352 1123.29
0.134896 1165.44
0.136458 1123.29
0.138038 1062.89
0.139637 810.009
0.141254 967.145
0.142889 962.696
0.144544 1003.44
0.146218 976.093
0.147911 991.95
0.149624 973.846
0.151356 910.938
0.153109 797.061
0.154882 658.402
0.156675 791.572
0.158489 850.143
0.160325 775.338
0.162181 761.184
0.164059 786.123
0.165959 777.125
0.16788 834.619
0.169824 793.397
0.171791 735.343
0.17378 789.755
0.175792 793.397
0.177828 766.462
0.179887 754.203
0.18197 750.739
0.184077 707.112
0.186209 691.02
0.188365 652.368
0.190546 636.048
0.192753 596.333
0.194984 617.288
0.197242 611.632
0.199526 564.271
0.201837 590.868
0.204174 569.496
0.206538 520.583
0.20893 550.161
0.211349 545.118
0.213796 526.609
0.216272 515.809
0.218776 500.597
0.221309 484.715
0.223872 492.595
0.226464 490.329
0.229087 484.721
0.231739 492.594
0.234423 490.331
0.237137 494.867
0.239883 488.076
0.242661 500.595
0.245471 522.988
0.248313 517
0.251189 514.623
0.254097 524.189
0.25704 557.813
0.260016 543.865
0.263027 562.975
0.266073 599.085
0.269153 585.448
0.27227 581.419
0.275423 572.122
0.278612 608.82
0.281838 644.896
0.285102 625.879
0.288403 670.635
0.291743 733.646
0.295121 726.927
0.298538 737.034
0.301995 728.599
0.305492 766.467
0.30903 793.394
0.312608 846.233
0.316228 867.942
0.31989 930.019
0.323594 932.158
0.327341 1008.07
0.331131 1036.31
0.334965 1062.89
0.338844 1082.65
0.342768 1120.7
0.346737 1107.87
0.350752 1165.44
0.354813 1231.65
0.358922 1133.68
0.363078 1269.07
0.367282 1240.2
0.371535 1594.01
0.375837 1319.74
0.380189 1453.75
0.384592 1564.92
0.389045 1484.19
0.39355 1440.42
0.398107 1894.48
0.402717 2401.54
0.40738 2320.02
0.412098 2385.01
0.416869 2532.15
0.421697 2676.03
0.426579 2732.05
0.431519 2669.86
0.436516 3072.48
0.44157 3173.13
0.446684 3284.66
0.451856 3634.88
0.457088 3745.33
0.462381 3939.94
0.467735 3894.84
0.473151 3985.57
0.47863 4135.13
0.484172 4106.65
0.489779 4320.08
0.49545 5110.81
0.501187 6032.39
0.506991 4555.03
0.512861 4576.05
0.5188 4410.53
0.524807 4925.94
0.530884 5253.98
0.537032 5158.13
0.54325 5314.84
0.549541 5488.97
0.555904 5642.76
0.562341 5616.79
0.568853 5760.89
0.57544 5895.1
0.582103 6150.15
0.588844 5539.75
0.595662 6136.09
0.60256 6207.15
0.609537 6351.74
0.616595 6121.97
0.623735 6264.54
0.630957 6544.73
0.638264 6790.3
0.645654 6821.66
0.653131 7019.26
0.660693 7089.1
0.668344 7077.7
0.676083 7176.15
0.683912 7334.82
0.691831 7469.56
0.699842 7613.65
0.707946 7724.82
0.716143 7653.99
0.724436 7733.86
0.732825 8083.35
0.74131 8265.9
0.749894 8601.88
0.758578 8763.78
0.767361 8683.46
0.776247 8902
0.785236 9003.04
0.794328 8877.57
0.803508 9330.42
0.812812 9541.11
0.822224 9283.32
0.831745 9399.38
0.841376 9554.41
0.851118 9351.91
0.860974 9611.74
0.870944 10183.7
0.881029 10136.9
0.89123 10493.1
0.90155 9892.44
0.91199 10597.5
0.92255 10150.8
0.933233 10043.9
0.944039 9691.79
0.954971 11079
0.966029 10787
0.977215 10759.7
0.988542 11066.1
0.999987 11181.5
1.01157 11220
1.02328 11284.8
1.03512 11326.7
1.0471 11405.2
1.05923 11347.5
1.07149 11534.6
1.0839 11563.8
1.09645 11452.4
1.10915 11373.8
1.12199 11505.4
1.13498 11508
1.14813 11531.9
1.16142 11373.6
1.17487 11484.2
1.18847 11531.8
1.20224 11531.9
1.21616 11531.9
1.23024 11505.4
1.24449 11373.7
1.2589 11217.6
1.2735 11425.9
1.28825 11425.9
1.30317 11452.3
1.31826 11465.4
1.33352 11478.6
1.34896 11425.9
1.36458 11243.2
1.38038 11452.2
1.39637 11425.9
1.41254 11373.4
1.42889 11140.1
1.44544 11295.1
1.46218 10761.9
1.47911 11089
1.49624 11584.9
1.51356 11505.1
1.53109 11638.3
1.54882 11841.1
1.56675 11465.4
1.58489 12102.9
1.60325 11936.9
1.62181 11584.8
1.64059 11746
1.65959 12075.1
1.6788 11745.9
1.69824 12019.6
1.71791 11746.1
1.7378 11705.6
1.75792 11505.1
1.77828 11063.4
1.79887 10962
1.8197 11063.4
1.84077 10541.2
1.86209 10638.8
1.88365 10589.9
1.90546 10614.2
1.92752 10348.8
1.94984 10159.9
1.97242 10372.7
1.99526 10372.7
2.01837 10325.1
2.04174 10301.2
2.06538 10444.6
2.0893 10492.8
2.11349 10517
2.13796 10638.8
2.16272 10638.7
2.18776 10614.3
2.21309 10886.5
2.23872 10712.5
2.26464 10886.5
2.29087 11063.5
2.31739 10614.3
2.34423 10811.7
2.37137 10420.6
2.39883 10911.6
2.42661 11063.4
2.45471 10911.7
2.48313 11089.4
2.51189 11311.1
2.54097 11702
2.5704 12097.1
2.60016 12464.7
2.63027 12798.2
2.66073 13170.4
2.69153 13578.4
2.7227 14009.1
2.75423 14406
2.78612 14813.6
2.81838 15213.8
2.85102 15641.9
2.88403 16043.2
2.91743 16507.9
2.95121 16939.1
2.98538 17373.6
3.01995 17819.3
3.05492 18276.4
3.0903 18732.3
3.12608 19195.2
3.16228 19669.3
3.19889 20109
3.23594 20572.7
3.27341 20988.9
3.31131 21403.8
3.34965 21872.1
3.38844 22253
3.42768 22703.4
3.46737 23130.8
3.50752 23555.4
3.54813 23954.6
3.58922 24304.7
3.63078 24728
3.67282 25101
3.71535 25497
3.75837 25887.5
3.80189 26277.8
3.84592 26655.7
3.89045 27032.8
3.9355 27434
3.98107 27834.8
4.02717 28261.1
4.0738 28700.6
4.12098 29113.2
4.16869 29538.6
4.21697 30032.4
4.2658 30541.5
4.31519 30916.5
4.36516 31455
4.4157 31944.1
4.46684 32515.5
4.51856 33112.5
4.57088 33821.4
4.62381 34537.5
4.67735 35301.2
4.73151 36081.9
4.7863 37033
4.84172 37965.5
4.89779 38912.6
4.9545 39892.6
5.01187 40839.4
5.06991 41849.9
5.12861 42895.2
5.188 44068.7
5.24808 45378.2
5.30884 46648.8
5.37032 48031.9
5.4325 49461.8
5.49541 51329.9
5.55904 52864.9
5.62341 54245.2
5.68853 55564.3
5.7544 56390.8
5.82103 57207.7
5.88844 58108.2
5.95662 59282.7
6.0256 60822.4
6.09537 61964.3
6.16595 63775
6.23735 64799.2
6.30957 64444.1
6.38264 64220.8
6.45654 64346.4
6.53131 64575.9
6.60693 64867.9
6.68344 64834.6
6.76083 63980.6
6.83912 62807.8
6.91831 63125.9
6.99842 62557.3
7.07946 60587.9
7.16143 59033.5
7.24436 57416.2
7.32825 56578.4
7.4131 54623.1
7.49894 53860.7
7.58578 52138.7
7.67361 50433.7
7.76247 48525.8
7.85236 45263.4
7.94328 42989.3
8.03526 40643.6
8.12831 37580.1
8.22243 34850.1
8.31764 33133.1
8.41395 30783.2
8.51138 28918
8.60994 27078.5
8.70964 25152.7
8.81049 23557.8
8.91251 22487.8
9.01571 21379.9
9.12011 20510
9.22571 19946.4
9.33254 19471.2
9.44061 19162.9
9.54993 19042.7
9.66051 19066.7
9.77237 19217.4
9.88553 19453.5
10 19915
10.1158 20515.8
10.2329 21247
10.3514 22066.4
10.4713 23121.6
10.5925 24229.1
10.7152 25447.8
10.8393 26732.7
10.9648 28141
11.0917 30185.4
11.2202 32286.2
11.3501 33760.2
11.4815 34807.5
11.6145 36492.2
11.749 38223.3
11.885 39994
12.0226 41614.7
12.1619 43293.3
12.3027 45040.7
12.4451 46588
12.5893 48059.4
12.735 49804.5
12.8825 50992.9
13.0317 49525.9
13.1826 50357.4
13.3352 50935.9
13.4896 51373.5
13.6458 50941.1
13.8038 51939.1
13.9637 52288.9
14.1254 51524.1
14.2889 52777.1
14.4544 52474.1
14.6218 52166
14.7911 52046.5
14.9624 51539.3
15.1356 51090.4
15.3109 50629.5
15.4882 50297.6
15.6675 49847.7
15.8489 49313.1
16.0325 49060.9
16.2181 48960.5
16.4059 49191
16.5959 49477
16.788 49708.9
16.9824 50132.4
17.1791 50647.8
17.378 50750.9
17.5792 50992.2
17.7828 51371
17.9887 51928.3
18.197 52419.2
18.4077 53149.3
18.6209 54246.2
18.8365 55376.3
19.0546 56785.2
19.2752 58355.9
19.4984 61269.4
19.7242 63494.8
19.9526 64611.7
20.1837 66787.5
20.4174 66044
20.6538 66740.5
20.893 68589.4
21.1349 70524.4
21.3796 71751.4
21.6272 73718
21.8776 75709
22.1309 77763.8
22.3872 79792.7
22.6464 81520.9
22.9087 83856.8
23.1739 87422.8
23.4423 90962.2
23.7137 100344
23.9883 102445
24.2661 104590
24.5471 106780
24.8313 109017
25.1189 111299
25.4097 113629
25.704 115743
26.0016 117894
26.3027 120086
26.6072 122037
26.9153 124305
27.227 126616
27.5423 129268
27.8612 131975
28.1838 134738
28.5102 137560
28.8403 140440
29.1743 143051
29.5121 145041
29.8538 147398
30.1995 149448
30.5492 151528
30.903 153636
31.2608 155773
31.6228 158304
31.989 160876
32.3594 163490
32.7341 166146
33.1131 168846
33.4965 171985
33.8844 175587
34.2768 179677
34.6737 183862
35.0752 188144
35.4813 190761
35.8922 193415
36.3078 195654
36.7282 198377
37.1535 200675
37.5837 202997
38.0189 204876
38.4592 206772
38.9045 209165
39.355 211101
39.8107 213545
40.2717 215521
40.738 218017
41.2098 220036
41.6869 222069
42.1696 224125
42.658 225680
43.1519 227767
43.6516 229875
44.157 231468
44.6684 233611
45.1856 235230
45.7088 237406
46.2381 239051
46.7735 240708
47.3151 242936
47.863 244619
48.4172 246316
48.9779 248021
49.545 249167
50.1187 250894
50.6991 252053
51.2861 253799
51.88 254970
52.4808 256738
53.0884 257923
53.7032 259115
54.325 260911
54.9541 262115
55.5904 262719
56.2341 262718
56.8853 262718
57.544 263323
58.2103 263325
58.8844 263325
59.5662 263324
60.256 261512
60.9537 259113
61.6595 257923
62.3735 256148
63.0957 254971
63.8263 253215
64.5654 251473
65.3131 250316
66.0694 248595
66.8344 246884
67.6083 245183
68.3912 243496
69.1831 241819
69.9842 239602
70.7946 236859
71.6143 234147
72.4436 231468
73.2825 229346
74.131 226720
74.9894 224125
75.8578 221050
76.7361 217515
77.6247 214531
78.5236 211101
79.4328 207726
80.3526 204404
81.283 201136
82.2243 197920
83.1764 195204
84.1395 192970
85.1138 190761
86.0994 188577
87.0964 186419
88.1049 184285
89.1251 181756
90.1571 179675
91.2011 177619
92.2572 175587
93.3254 173177
94.4061 171194
95.4993 169235
96.6051 166913
97.7237 164624
98.8553 161247
100 157214
101.158 153635
102.329 149792
103.514 146047
104.713 142393
105.925 138194
107.152 134738
108.393 131673
109.648 128675
110.918 125746
112.202 122601
113.501 119809
114.815 117352
116.145 114680
117.49 112329
118.85 109772
120.226 107273
121.619 105073
123.027 102681
124.451 99423.5
125.893 94295.7
127.35 88203.9
128.825 85406.5
130.317 83462.8
131.826 81750.8
133.352 79889.3
134.896 78070.9
136.458 76118.3
138.038 74043.7
139.637 72026.6
141.254 70224.6
142.889 68310.8
144.544 66449.3
146.218 64638.4
147.911 62300.3
149.624 60185.5
151.356 58276
153.109 56427.9
154.882 54512.1
156.675 52782.6
158.489 50756.3
160.325 49259.7
162.181 48027.5
164.059 46718.6
165.959 45550.3
167.88 44308.6
169.824 43101.2
171.791 41926.6
173.78 40690.1
175.792 39581
177.828 38413.7
179.887 37024.5
181.97 35932.5
184.077 34953.5
186.209 34079.6
188.365 33150.5
190.546 32321.4
192.753 31296.3
194.984 30233.6
197.242 29140.1
199.526 28086.1
201.837 26272.1
204.174 24461.9
206.538 23468.9
208.93 22934.7
211.349 22258.2
213.796 21453.4
216.272 20724.8
218.776 19975.1
221.309 19252.6
223.872 18259.5
226.464 17518.1
229.087 16884.6
231.739 16273.8
234.423 15685.2
237.137 15117.9
239.883 14604.6
242.661 14173.9
245.471 13692.7
248.313 13106.5
251.189 12545.6
254.097 12008.6
257.04 11574.3
260.016 11232.9
263.027 10826.5
266.072 10435
269.154 10034.3
272.27 9649.17
275.423 9300.15
278.612 8922.61
281.838 8560.32
285.102 8193.86
288.403 7897.48
291.743 7594.36
295.121 7319.65
298.538 7038.6
301.995 6784.08
305.492 6404.58
309.03 6130.41
312.608 5895.13
316.228 5655.77
319.89 5438.64
323.594 5229.86
327.341 5029.14
331.131 4824.98
334.966 4576.07
338.844 4310.16
342.768 4059.68
346.737 3711.02
350.752 3519.59
354.813 3392.26
358.922 3269.56
363.078 3151.3
367.282 3037.32
371.535 2927.46
375.837 2821.57
380.189 2707.01
384.592 2579.22
389.045 2451.82
393.55 2330.71
398.107 2220.7
402.717 2111.01
407.38 2006.74
412.098 1912.01
416.869 1817.57
421.696 1731.77
426.58 1642.45
431.519 1557.72
436.516 1477.38
441.57 1401.16
446.684 1328.9
451.856 1269.09
457.088 1234.5
462.381 1198.09
467.735 1141.54
473.151 1085.14
478.63 1029.17
484.172 978.337
489.779 927.872
495.45 882.05
501.187 838.481
506.991 795.231
512.861 755.952
518.8 716.95
524.808 681.542
530.884 646.383
537.032 614.182
543.25 583.836
549.541 553.976
555.904 526.37
562.341 499.448
568.853 474.558
575.44 450.288
582.103 427.848
588.844 405.965
595.662 385.736
602.56 366.008
609.537 347.769
616.595 330.592
623.735 313.683
630.957 298.05
638.264 282.807
645.654 268.713
653.131 254.971
660.693 242.264
668.344 229.874
676.083 218.419
683.912 207.63
691.831 197.011
699.842 187.193
707.946 177.619
716.143 168.768
724.436 160.137
732.824 152.156
741.31 144.375
749.894 137.18
800 103.723
1196.28 24.2602
1788.85 8.7081
2674.96 4.38364
4000 2.8282
6000 2.13331
