0.100094 733.515
0.101253 934.132
0.102425 601.737
0.103611 840.246
0.104811 1456.82
0.106025 1365.87
0.107252 1388.06
0.108494 1334.78
0.109751 1692.03
0.111022 1657.34
0.112307 1539.59
0.113608 1902.87
0.114923 1863.84
0.116254 1997.14
0.1176 1381.67
0.118962 2001.75
0.120339 1480.51
0.121733 733.514
0.123142 2072.09
0.124568 2390.05
0.126011 2451.37
0.12747 2775.93
0.128946 2840.59
0.130439 2578.74
0.131949 3078.98
0.133477 2827.52
0.135023 3001.99
0.136586 2981.3
0.138168 2880.1
0.139768 2245.99
0.141386 2718.98
0.143024 2719
0.14468 2926.92
0.146355 2913.46
0.14805 2981.33
0.149764 2995.07
0.151498 2801.61
0.153252 2491.19
0.155027 2139.96
0.156822 2543.37
0.158638 2712.73
0.160475 2525.84
0.162333 2491.19
0.164213 2525.86
0.166115 2514.25
0.168038 2669.37
0.169984 2602.61
0.171952 2428.91
0.173943 2596.62
0.175957 2626.69
0.177995 2560.99
0.180056 2485.46
0.182141 2502.69
0.18425 2346.44
0.186384 2240.84
0.188542 2144.93
0.190725 2015.62
0.192933 1855.27
0.195167 1924.89
0.197427 1792.28
0.199714 1634.59
0.202026 1645.92
0.204366 1550.28
0.206732 1404.13
0.209126 1446.8
0.211547 1356.46
0.213997 1301.39
0.216475 1289.46
0.218982 1254.32
0.221517 1237.11
0.224082 1277.64
0.226677 1325.59
0.229302 1391.26
0.231957 1473.7
0.234643 1490.76
0.23736 1575.46
0.240108 1597.38
0.242889 1699.84
0.245701 1842.5
0.248547 1855.28
0.251424 1924.9
0.254336 1938.24
0.257281 2086.45
0.26026 2091.26
0.263274 2154.81
0.266322 2256.36
0.269406 2245.99
0.272526 2184.79
0.275682 2189.82
0.278867 2246.04
0.282097 2346.49
0.285363 2308.97
0.288667 2379.13
0.29201 2491.25
0.295391 2440.16
0.298812 2497
0.302272 2417.79
0.305772 2468.41
0.309312 2496.99
0.312894 2572.87
0.316517 2572.87
0.320182 2657.16
0.32389 2694.13
0.32764 2744.21
0.331434 2725.32
0.335272 2756.88
0.339155 2756.89
0.343078 2795.26
0.347051 2750.56
0.351069 2769.63
0.355135 2827.62
0.35925 2657.16
0.36341 2808.13
0.367618 2763.23
0.371875 2954.04
0.376181 3071.97
0.380538 3086.16
0.384944 3600.95
0.389403 3172.63
0.39391 3742.12
0.398472 3831.93
0.403087 4638.97
0.407753 4543.84
0.412476 4411.84
0.41725 4657.14
0.422083 4746.96
0.426969 4722.96
0.431913 4500.02
0.436917 4824.18
0.441986 4865.34
0.447104 4891.14
0.452281 5207.25
0.457517 5198.86
0.462816 5299.2
0.468174 5204.83
0.473594 5228.86
0.47908 5277.26
0.484628 5157.17
0.49024 5252.97
0.495917 5799.75
0.501656 7558.05
0.507465 5301.64
0.513344 5238.52
0.519288 5011.98
0.525299 5355.58
0.531382 5500.55
0.537535 5431.36
0.54376 5437.6
0.550056 5500.56
0.556427 5593.82
0.562868 5475.29
0.569385 5519.59
0.575979 5560.41
0.582649 5663.8
0.589396 5338.36
0.596222 5523.43
0.603125 5525.96
0.610108 5596.39
0.617174 5400.17
0.624319 5437.59
0.631549 5525.95
0.638861 5680.76
0.64626 5628.69
0.653743 5686.01
0.661312 5725.41
0.668972 5602.84
0.676719 5637.79
0.684552 5724.09
0.692479 5746.55
0.7005 5799.75
0.708611 5791.73
0.716816 5707.01
0.725115 5667.7
0.733514 5826.51
0.742007 5907.56
0.750597 6003.54
0.759288 6110.92
0.768083 5989.75
0.776976 6060.49
0.785972 6068.87
0.795073 5925.27
0.804281 6061.89
0.813594 6153.3
0.823014 6106.72
0.832545 6039.6
0.842184 6129.25
0.851938 5866.9
0.861802 6035.42
0.871781 6418.12
0.881875 6295.18
0.892087 6496.93
0.902417 6014.62
0.912868 6431.44
0.923438 6060.51
0.934132 6017.4
0.944948 5891.26
0.955889 8175.38
0.966958 6330.06
0.978156 6286.49
0.989483 6464.12
1.00094 6461.13
1.01253 6532.93
1.02425 6492.41
1.03611 6480.46
1.04811 6496.92
1.06025 6441.82
1.07252 6522.37
1.08494 6522.38
1.09751 6452.21
1.11022 6362.24
1.12307 6388.63
1.13608 6388.64
1.14923 6359.26
1.16254 6260.5
1.176 6292.27
1.18962 6272.03
1.20339 6243.19
1.21733 6214.54
1.23142 6171.73
1.24568 6073.06
1.26011 5989.76
1.2747 6059.11
1.28946 6031.26
1.30439 6031.25
1.31949 6017.36
1.33477 6003.53
1.35023 5962.22
1.36586 5826.49
1.38168 5928.02
1.39768 5928.01
1.41386 5813.09
1.43024 5693.9
1.4468 5786.42
1.46355 5500.58
1.4805 5733.34
1.49764 5989.75
1.51498 5934.83
1.53252 6017.36
1.55027 6115.16
1.56822 5866.88
1.58638 6059.1
1.60475 6143.4
1.62333 5693.88
1.64213 5969.09
1.66115 6207.82
1.68038 5934.83
1.69984 6087.48
1.71952 5921.18
1.73943 5786.39
1.75957 5641.66
1.77995 5350.67
1.80056 5362.99
1.82141 5313.84
1.8425 4959.16
1.86383 4868.62
1.88542 4824.02
1.90725 4824.03
1.92933 4617.5
1.95167 4460.74
1.97427 4512.39
1.99714 4359.22
2.02026 4309.32
2.04366 4250.2
2.06732 4143.9
2.09126 4077.64
2.11547 3984.81
2.13997 3984.84
2.16475 3831.85
2.18982 3770.61
2.21517 3735.99
2.24082 3617.49
2.26677 3337.41
2.29302 3258.43
2.31957 3063.41
2.34643 2929.59
2.3736 2787.46
2.40108 2630.29
2.42889 2509.63
2.45701 2427.21
2.48547 2349.79
2.51424 2292.38
2.54336 2276.92
2.57281 2271.79
2.6026 2277.23
2.63274 2272.52
2.66322 2275.66
2.69406 2297.78
2.72526 2325.99
2.75681 2332.96
2.78874 2341.04
2.82103 2346.43
2.85369 2373.6
2.88674 2380.72
2.92017 2406.63
2.95398 2422.75
2.98818 2449.1
3.02279 2482.04
3.05779 2512.51
3.0932 2546.29
3.12901 2588.86
3.16525 2630.92
3.2019 2673.06
3.23898 2715.25
3.27648 2744.78
3.31442 2763.18
3.3528 2797.74
3.39162 2828.83
3.4309 2858.97
3.47062 2888.07
3.51243 2912.11
3.55309 2933.64
3.59424 2950.24
3.63587 2978.99
3.67795 2987.9
3.72056 3004.41
3.76365 3017.38
3.80722 3036.19
3.85128 3057.22
3.8959 3068.87
3.94101 3087.43
3.98663 3098.47
4.03281 3121.25
4.07951 3137.75
4.12674 3166.55
4.17451 3189.08
4.22288 3216.84
4.27177 3255.13
4.32122 3244.42
4.37128 3274.83
4.42188 3307.03
4.47309 3360.84
4.5249 3431.63
4.57729 3523.05
4.63028 3620
4.68389 3742.03
4.73812 3879.78
4.79299 4024.46
4.84851 4192.85
4.90465 4349.19
4.96142 4499.94
5.01889 4647.75
5.07701 4808.68
5.1358 5056.3
5.19528 5333.99
5.25542 5642.11
5.31628 5973.21
5.37785 6315.64
5.4401 6662.22
5.50309 7148.46
5.56684 7535.55
5.63128 7924.79
5.69649 8270.96
5.76247 8574.27
5.82917 8872.7
5.89667 9165.02
5.96497 9613.26
6.03403 10314.8
6.10389 11192.1
6.17458 11886.6
6.24608 11834.6
6.3184 11558
6.39156 11313.8
6.46559 11092.5
6.54045 10827.3
6.61618 10561
6.69278 10449.7
6.77028 10208
6.84868 9954.49
6.92799 9901.83
7.00823 9654.33
7.08938 9368.69
7.17146 9156.3
7.25451 9107.89
7.33851 9566.7
7.42347 9846.49
7.50944 10078.1
7.59639 10035.1
7.68434 9741.05
7.77333 9249.56
7.86333 8341.5
7.95441 7549.41
8.04649 6611.64
8.13969 5648.56
8.23392 4767.33
8.32927 4218.27
8.42573 3589.61
8.5233 3091.47
8.62198 2601.17
8.72184 2044.68
8.82281 1538.36
8.925 1368.59
9.02833 1229.81
9.13288 1124.49
9.23861 1084
9.34559 1066.06
9.45382 1069.5
9.5633 1093.83
9.67403 1133.61
9.78604 1192.44
9.89937 1270.95
10.014 1377.91
10.13 1508.09
10.2473 1666.43
10.3659 1848.92
10.4859 2072.34
10.6074 2323.34
10.7302 2717.55
10.8544 3193.18
10.9801 3741.7
11.1073 4861.14
11.2359 5574.24
11.366 5895.08
11.4976 6004.64
11.6307 6425.17
11.7654 7150.99
11.9017 8163.73
12.0395 9171.84
12.1789 10179.8
12.3199 11294.6
12.4626 12544.2
12.6069 13584.9
12.7528 14417.7
12.9005 14209.9
13.0499 13689.2
13.201 13828.2
13.3539 13977.4
13.5085 14146
13.6649 14165.6
13.8232 14437.5
13.9832 14778.4
14.1451 14962.8
14.309 15306.1
14.4746 15425.1
14.6422 15487.8
14.8118 15404.7
14.9833 14990
15.1568 14559.7
15.3323 14113
15.5099 13610.9
15.6894 12854.2
15.8711 12277.3
16.0549 11890.5
16.2408 11611.2
16.4289 11434
16.6191 11260.7
16.8115 11096.5
17.0062 10969.2
17.2031 10876.3
17.4023 10741.5
17.6039 10703.6
17.8077 10780.8
18.0139 10947.7
18.2225 11163.4
18.4335 11463
18.6469 11868.7
18.8628 12263.6
19.0813 12786.9
19.3022 13292.8
19.5257 14116.5
19.7518 14844.8
19.9806 16544.9
20.2119 19658.6
20.446 21216.2
20.6827 22807.4
20.9222 24728.4
21.1645 26361.4
21.4095 27780.1
21.6575 29320.4
21.9082 30946.6
22.1619 32634.1
22.4185 34744.9
22.6782 35789.4
22.9408 36986.5
23.2064 38336.7
23.4751 39700.2
23.7469 41899.3
24.0219 43073.2
24.3001 44178.3
24.5815 45207.1
24.8661 46366.8
25.154 47446.7
25.4453 48552.2
25.7399 49568.6
26.038 50490.3
26.3395 51428.9
26.6445 52385
26.953 53359.1
27.2651 54476.5
27.5808 55745.2
27.9002 57043.9
28.2233 58506.9
28.5501 59870.1
28.8807 61123.7
29.2151 62116.6
29.5534 62835.8
29.8956 63710.2
30.2418 64596.5
30.592 65344.5
30.9462 66253.6
31.3045 67020.7
31.667 68109.7
32.0338 69216.4
32.4046 70502.7
32.7799 71648.7
33.1595 72980.7
33.5434 74337.5
33.9318 76419.8
34.3248 78561.2
34.7222 80762.1
35.1243 82453.2
35.5309 83599.9
35.9424 84568.2
36.3587 85745.1
36.7795 86737.5
37.2056 87944.4
37.6365 88554.2
38.0722 89167.8
38.5132 89993.4
38.959 90825.5
39.4101 91665.9
39.8663 92727
40.3281 93585.4
40.7951 94451.7
41.2674 95325.2
41.7451 96206.6
42.2288 96874.1
42.7177 97545.9
43.2122 98221.8
43.7128 99130.6
44.2187 99817.5
44.7309 100510
45.249 101440
45.7729 102143
46.3028 102851
46.8389 103802
47.3812 104522
47.9299 105489
48.4851 105976
49.0465 106710
49.6142 107450
50.1889 107947
50.7701 108695
51.358 109196
51.9528 109954
52.5542 110715
53.1628 111226
53.7785 112256
54.401 113034
55.0309 113555
55.6684 113556
56.3128 113556
56.9649 113818
57.6246 113817
58.2917 113817
58.9667 113818
59.6496 113294
60.3403 111998
61.0389 110971
61.7458 110206
62.4608 109448
63.184 108695
63.9156 107947
64.6559 107204
65.4045 106220
66.1618 105489
66.9281 104763
67.7028 104042
68.4868 103325
69.2799 102378
70.0823 100974
70.8938 99817.8
71.7146 98448.4
72.5451 97320.7
73.3851 95986.2
74.2347 94886.8
75.0944 93584.9
75.9639 92089.5
76.8434 90408.6
77.7333 88963.4
78.6333 87338.8
79.5441 85745.4
80.4649 84180
81.3969 82643.1
82.3392 81321.9
83.2927 80206
84.2573 79288.1
85.233 78561.3
86.2198 77840.9
87.2184 77127.3
88.2281 76420.2
89.25 75719.6
90.2833 75025.3
91.3288 74337.5
92.3861 73486.5
93.4562 72812.9
94.5382 72145.3
95.633 71483.9
96.7403 70828.5
97.8604 69695.9
98.9937 67952.9
100.14 66101
101.3 64299.9
102.473 62547.6
103.659 60982.8
104.859 59048.2
106.074 57043.9
107.302 55617.1
108.544 54350.9
109.801 53113.7
111.073 51785.7
112.359 50606.7
113.66 49454.7
114.976 48440.4
116.308 47447.2
117.654 46473.7
119.017 45520.8
120.395 44587.1
121.789 43672.6
123.199 42776.8
124.626 40477
126.069 37601.8
127.528 35011.2
129.005 33900.6
130 33482.3
140 26074
150 21393.8
159.9 17208.3
300 1658.74
800 25.5482
1200 5.88959
1272 4.75413
1447 3.44315
1646 2.64688
1873 2.14322
2131 1.80579
2425 1.56627
2759 1.38567
3139 1.2421
3572 1.12362
4064 1.02271
4624 0.935458
5261 0.857895
5986 0.789655
6046 0.783175
