0.100679 4324.25
0.101844 3054.27
0.103023 3655.14
0.104216 5393.94
0.105424 4987.82
0.106644 4730.51
0.107879 4496.85
0.109128 5186.9
0.110392 4919.37
0.111669 4548.89
0.112963 5068.85
0.114271 4919.36
0.115595 5010.86
0.116932 3740.28
0.118287 4774.3
0.119657 3757.59
0.121042 2064.93
0.122443 4404.59
0.123862 5033.97
0.125296 5022.38
0.126747 5481.63
0.128215 5532.36
0.129699 4942.05
0.131201 5726.77
0.13272 5295.53
0.134256 5456.41
0.135812 5332.24
0.137384 5139.34
0.138975 4026.31
0.140584 4644.16
0.142212 4719.62
0.143858 4964.84
0.145525 4919.36
0.147209 4964.84
0.148914 4987.79
0.150639 4665.61
0.152382 4255.05
0.154148 3613.34
0.155932 4148.65
0.157738 4374.3
0.159564 4139.09
0.161412 4026.31
0.163281 4054.2
0.165172 4044.9
0.167085 4177.43
0.169019 4129.59
0.170976 3880.68
0.172956 4054.21
0.174959 4044.89
0.176985 3943.74
0.179035 3792.36
0.181107 3845.1
0.183204 3688.98
0.185326 3498.71
0.187472 3419.08
0.189643 3242.71
0.191839 2977.9
0.19406 3118.23
0.196308 2910.11
0.19858 2785.52
0.20088 2798.38
0.203206 2678.6
0.205559 2387.32
0.207939 2558.04
0.210347 2420.5
0.212783 2387.3
0.215246 2349.13
0.217739 2233.11
0.220261 2207.54
0.222811 2202.46
0.225391 2248.58
0.228001 2279.85
0.230641 2354.54
0.233312 2349.15
0.236013 2409.39
0.238746 2381.81
0.24151 2465.5
0.244308 2605.62
0.247136 2599.62
0.249998 2672.45
0.252893 2684.79
0.255821 2785.53
0.258783 2791.93
0.26178 2837.33
0.264811 2910.11
0.267878 2896.75
0.270979 2804.82
0.274118 2824.29
0.277291 2850.39
0.280502 2890.07
0.28375 2870.16
0.287036 2916.8
0.290359 3012.36
0.293722 2964.21
0.297123 3005.43
0.300564 2910.11
0.304044 2937.03
0.307564 2964.2
0.311126 3005.44
0.314728 3012.36
0.318373 3061.31
0.32206 3103.9
0.325789 3154.34
0.329561 3111.05
0.333377 3139.84
0.337237 3132.61
0.341143 3161.61
0.345093 3118.23
0.349089 3125.41
0.353131 3176.2
0.35722 2991.63
0.361357 3139.85
0.365541 2964.2
0.369774 3033.25
0.374056 3147.08
0.378387 3387.72
0.382769 3697.5
0.387201 3555.56
0.391684 4167.79
0.39622 3934.67
0.400808 4863
0.405449 4774.28
0.410144 4527.99
0.414893 4829.56
0.419698 4863
0.424558 4829.56
0.429474 4569.9
0.434446 4851.81
0.439477 4930.67
0.444566 4942.06
0.449714 5234.9
0.454921 5198.88
0.460189 5296.73
0.465518 5180.94
0.470908 5267.53
0.476361 5277.22
0.481877 5216.85
0.487457 5197.66
0.493102 5602.82
0.498811 8173.47
0.504587 5310.17
0.51043 5265.09
0.516341 5001.59
0.52232 5350.65
0.528368 5412.6
0.534486 5458.92
0.540675 5458.93
0.546936 5440.13
0.553269 5564.23
0.559675 5465.22
0.566156 5506.91
0.572712 5538.7
0.579344 5583.52
0.586052 5433.86
0.592838 5481.61
0.599703 5475.3
0.606648 5564.28
0.613672 5412.62
0.620778 5400.19
0.627966 5462.71
0.635237 5641.67
0.642593 5624.81
0.650034 5671.63
0.657561 5907.55
0.665175 5577.09
0.672878 5609.29
0.680669 5720.16
0.688551 5733.34
0.696524 5786.39
0.704589 5737.31
0.712748 5697.81
0.721001 5707
0.72935 5839.93
0.737796 5971.85
0.746339 6073.06
0.754982 6166.07
0.763724 6017.39
0.772567 6054.92
0.781513 6105.32
0.790527 6017.68
0.79968 6129.54
0.80894 6191.95
0.818306 6285.32
0.827782 6129.54
0.837368 6236.31
0.847064 5730.97
0.856872 6115.44
0.866795 6515.21
0.876831 6552.81
0.886985 6665.43
0.897256 6232.01
0.907645 6640.91
0.918156 6262.22
0.928787 6099.98
0.939542 6066.36
0.950422 17235.6
0.961427 6471.85
0.972556 6461.46
0.983817 6659.33
0.995205 6621.08
1.00673 6720.92
1.01839 6674.61
1.03019 6690.05
1.04212 6690.07
1.05419 6644.01
1.06639 6711.62
1.07874 6751.93
1.09123 6877.46
1.10387 6567.95
1.11665 6589.15
1.12958 6598.26
1.14266 6567.93
1.15589 6491.26
1.16927 6522.69
1.18282 6492.79
1.19651 6455.47
1.21037 6448.09
1.22438 6403.65
1.23856 6286.79
1.25296 6214.54
1.26747 6257.64
1.28215 6221.72
1.29699 6257.61
1.31201 6243.24
1.3272 6228.85
1.34256 6185.94
1.35812 6003.57
1.37384 6115.17
1.38975 6150.49
1.40584 5928.01
1.42212 5839.94
1.43858 5969.04
1.45525 5720.18
1.47209 5934.82
1.48914 6214.52
1.50639 6157.56
1.52382 6171.73
1.54148 6315.55
1.55932 6101.07
1.57738 6272.01
1.59564 6373.94
1.61412 5799.73
1.63281 6257.6
1.65172 6492.45
1.67085 6193.11
1.69019 6293.71
1.70976 6143.37
1.72956 5813.09
1.74959 5759.81
1.76985 5487.92
1.79035 5462.73
1.81107 5462.69
1.83204 5098.07
1.85326 4936.36
1.87472 4947.76
1.89643 4925.01
1.91839 4703.37
1.9406 4585.72
1.96308 4606.92
1.9858 4389.41
2.0088 4399.53
2.03206 4279.64
2.05559 4220.93
2.07939 4143.89
2.10347 4105.89
2.12783 3939.19
2.15246 3805.46
2.17739 3718.83
2.20261 3701.75
2.22811 3584.34
2.25391 3430.9
2.28001 3430.91
2.30641 3091.77
2.33312 2940.41
2.36013 2753
2.38746 2603.79
2.4151 2532.81
2.44308 2410.51
2.47137 2320.97
2.49998 2270.33
2.52893 2241.14
2.55821 2206.42
2.58783 2205.91
2.6178 2215.59
2.64811 2225.01
2.67878 2234.16
2.70979 2243.03
2.74118 2251.61
2.77291 2259.88
2.80502 2267.83
2.8375 2275.45
2.87036 2282.73
2.90359 2289.64
2.93722 2296.19
2.97123 2302.33
3.00564 2308.08
3.04044 2313.41
3.07564 2318.29
3.11126 2322.73
3.14728 2326.7
3.18373 2330.17
3.2206 2333.14
3.25789 2335.59
3.29561 2337.49
3.33377 2338.82
3.37237 2339.58
3.41143 2339.73
3.45093 2339.25
3.49089 2338.12
3.53131 2336.33
3.5722 2333.84
3.61357 2330.64
3.65541 2326.69
3.69774 2321.98
3.74056 2316.47
3.78387 2310.15
3.82769 2302.98
3.87201 2294.94
3.91684 2286
3.9622 2276.13
4.00808 2265.29
4.05449 2253.47
4.10144 2240.62
4.14893 2226.71
4.19698 2211.72
4.24558 2195.6
4.29474 2178.32
4.34446 2159.85
4.39477 2140.15
4.44566 2119.17
4.49714 2096.89
4.54921 2073.27
4.60189 2048.25
4.65518 2021.8
4.70908 1993.87
4.76361 1964.43
4.81877 1933.41
4.87457 1900.79
4.93102 1866.5
4.98811 1830.52
5.04587 1792.78
5.1043 1753.22
5.16341 1928.46
5.2232 2578.06
5.28368 3131.57
5.34486 2987.36
5.40675 2784.23
5.46936 3192.69
5.53269 3701.77
5.59675 4032.25
5.66156 4213.14
5.72712 3873.11
5.79344 3458.96
5.86052 3681.22
5.92838 3570.15
5.99703 4449.59
6.06648 5863.16
6.13672 8009.09
6.20778 17235.5
6.27966 12736.2
6.35237 8827.38
6.42593 7243.5
6.50034 6898.55
6.57561 6316.08
6.65175 7577.81
6.72878 7386.18
6.80669 6763.12
6.88551 7109.36
6.96524 8319.77
7.04589 8802.01
7.12748 8498.24
7.21001 8599.09
7.2935 10313.4
7.37796 13761.2
7.46339 17715.8
7.54982 21615.1
7.63724 24288.9
7.72567 23084
7.81513 22259
7.90563 19403.3
7.99717 16521.5
8.08978 12977.6
8.18345 11259.5
8.27821 10310.8
8.37407 9909.87
8.47103 10187.1
8.56912 10986
8.66834 9667.54
8.76872 7269.24
8.87026 5344.22
8.97297 4555.97
9.07687 3658.01
9.18197 3364.91
9.2883 3176.91
9.39586 3089.93
9.50465 3193.97
9.61471 3510.82
9.72605 3397.79
9.83866 2938.38
9.94111 2876.35
10.0563 3004.81
10.1727 2859.53
10.2905 2841.19
10.4097 3363.87
10.5302 3916.95
10.6521 3930.06
10.7755 4068.72
10.9002 4310.78
11.0265 6002.36
11.1541 11062
11.2833 15243.3
11.414 10198.1
11.5462 8044.66
11.6798 7839.61
11.8151 7812.95
11.9519 9362.39
12.0903 10612.1
12.2303 12138.2
12.3719 14190.2
12.5151 16311.9
12.6601 19224
12.8067 26285.1
12.9549 18132.3
13.1049 17549.4
13.2567 17402.5
13.4102 17254
13.5655 17868.6
13.7226 17396.8
13.8815 17180
14.0423 18129.6
14.2049 19177.6
14.3693 18920.3
14.5357 19158.6
14.704 19742.6
14.8743 20095.9
15.0466 19813.7
15.2207 19609.9
15.397 18922.3
15.5753 20845.2
15.7557 18316.5
15.9381 17566.2
16.1227 17241.1
16.3093 17685.8
16.4982 19485.2
16.6892 19336.3
16.8825 19414.2
17.0779 21901.6
17.2757 20890.1
17.4758 20666.7
17.6781 20109.5
17.8829 21228.4
18.0899 20632.3
18.2993 21145.9
18.5113 22319.8
18.7256 26835.7
18.9424 25335.3
19.1618 25914.8
19.3837 28484.3
19.6081 30860.6
19.8351 32771
20.0648 36240.2
20.2972 38338.4
20.5322 40637.7
20.77 43814.3
21.0104 44650.7
21.2537 47760
21.4999 51035.2
21.7488 52838.7
22.0007 56148
22.2555 59496.3
22.5132 60952.5
22.7738 63525.2
23.0376 67156.9
23.3043 69354.5
23.5742 73479.6
23.8471 78834
24.1232 82367.2
24.4026 87962.1
24.6852 94230.1
24.971 99359.1
25.2601 105341
25.5527 110887
25.8486 116463
26.1479 119289
26.4506 122182
26.7569 125143
27.0667 128175
27.3801 131279
27.6972 134457
28.0179 137711
28.3424 141042
28.6706 144451
29.0025 147940
29.3384 151514
29.6782 155172
30.0217 158915
30.3694 162749
30.7211 166673
31.0768 170690
31.4367 174802
31.8006 179010
32.1689 183320
32.5414 187731
32.9182 192246
33.2994 196868
33.685 201600
34.075 206443
34.4696 211401
34.8687 216475
35.2725 220500
35.6809 224082
36.0941 228249
36.5121 231957
36.9348 236270
37.3625 239006
37.7951 241217
38.2328 244573
38.6755 247405
39.1234 250847
39.5764 254337
40.0346 257281
40.4983 260861
40.9672 263881
41.4416 266937
41.9214 270027
42.4069 272527
42.8979 275682
43.3947 278233
43.8971 281454
44.4055 284059
44.9196 287348
45.4398 290006
45.9659 293364
46.4982 296762
47.0366 299507
47.5813 302976
48.1322 305779
48.6896 307899
49.2534 310748
49.8238 313624
50.4007 315798
50.9843 318719
51.5746 320928
52.1718 323898
52.776 326895
53.3871 329920
54.0053 333740
54.6307 335281
55.2632 336053
55.9032 336829
56.5504 337604
57.2053 338383
57.8677 339163
58.5378 339945
59.2156 339163
59.9013 336053
60.5949 332973
61.2966 330680
62.0063 328403
62.7244 326143
63.4506 324644
64.1854 322410
64.9286 320190
65.6805 317986
66.441 316526
67.2104 314347
67.9886 312183
68.7758 310033
69.5723 306485
70.3779 302976
71.1928 299508
72.0172 296080
72.8511 292690
73.6946 288674
74.548 285369
75.4113 281454
76.2845 276316
77.1679 271274
78.0614 266936
78.9653 262064
79.8797 257874
80.8047 253168
81.7403 249119
82.6868 245701
83.6442 243448
84.6129 241217
85.5926 239005
86.5837 236814
87.5863 235184
88.6006 233028
89.6264 230891
90.6643 228774
91.7141 227200
92.7762 225118
93.8504 223053
94.9372 221008
96.0365 219486
97.1485 216475
98.2734 211061
99.4111 205308
100.563 200175
101.727 194719
102.905 189412
104.097 183827
105.302 177586
106.521 172745
107.755 168813
109.002 164971
110.265 161215
111.541 157545
112.833 153960
114.14 150803
115.462 147711
116.798 144679
118.151 142039
119.519 139126
120.903 136273
122.303 133478
123.719 127176
125.151 118142
126.601 108996
128.067 105538
129.549 103611
131.049 101720
132.567 99633.9
134.102 97815.5
135.655 95369.1
137.226 92983.9
138.815 90449.9
140.423 88188.2
142.049 85982.5
143.693 83831.6
145.357 81547
147.04 77876.6
148.743 75060.2
150.466 72512.1
152.207 70049.9
153.97 67671.8
155.753 65525.4
157.557 62576.1
159.381 60870.5
161.227 59485.3
163.093 58130.7
164.982 56807.9
166.892 55386.8
168.825 54001.7
170.779 52529.7
172.757 51216.2
174.758 49820.5
176.781 48462.6
178.829 46495.2
180.899 45228
182.993 44198.1
185.113 43192.4
187.256 42209.2
189.424 41248.2
191.618 39847.9
193.837 38318.5
196.081 36762.6
198.351 35107.9
200.648 31798.5
202.972 28867.3
205.322 28016
207.7 27568.2
210.104 26693.7
212.537 25668.7
214.999 24683.4
217.489 23790.9
220.007 22877.4
222.555 21350.5
225.132 20342.7
227.739 19561.8
230.376 18854.2
233.043 18130.4
235.742 17474.7
238.471 16959.3
241.232 16573.2
244.026 15863.8
246.852 15115
249.71 14335.4
252.601 13658.6
255.527 13255.9
258.486 12924.4
261.479 12485.6
264.506 12006.2
267.569 11572
270.667 11127.8
273.801 10725.3
276.972 10289.8
280.179 9849.36
283.424 9449.47
286.706 9107.7
290.025 8818.73
293.384 8519.37
296.782 8230.18
300 8319.42
800 128.137
1200 29.5392
1272 23.8444
1447 17.2692
1646 13.2754
1873 10.7493
2131 9.05698
2425 7.85564
2759 6.94984
3139 6.22975
3572 5.63551
4064 5.12938
4624 4.69179
5261 4.30279
5986 3.96052
6046 3.92803
