0.0912 5125.56
0.092 5175.77
0.093 5238.76
0.094 5301.85
0.095 5365.05
0.096 5428.34
0.097 5491.74
0.098 5555.24
0.099 5618.83
0.1 5682.51
0.101 5739.66
0.102 5796.78
0.103 5853.86
0.104 5910.89
0.105 5967.89
0.106 6024.84
0.107 6081.74
0.108 6138.6
0.109 6195.42
0.11 6252.19
0.111 6301.63
0.112 6350.89
0.113 6399.97
0.114 6448.87
0.115 6497.59
0.116 6546.13
0.117 6594.49
0.118 6642.66
0.119 6690.64
0.12 6738.44
0.121 6778.13
0.122 6817.5
0.123 6856.55
0.124 6895.29
0.125 6933.7
0.126 6971.8
0.127 7009.59
0.128 7047.06
0.129 7084.21
0.13 7121.05
0.131 7147.25
0.132 7172.98
0.133 7198.24
0.134 7223.03
0.135 7247.34
0.136 7271.18
0.137 7294.54
0.138 7317.43
0.139 7339.85
0.14 7361.8
0.141 7383.89
0.142 7405.52
0.143 7426.69
0.144 7447.39
0.145 7467.63
0.146 7487.41
0.147 7506.74
0.148 7525.6
0.149 7544
0.15 7561.95
0.151 7579.1
0.152 7595.8
0.153 7612.04
0.154 7627.81
0.155 7643.13
0.156 7657.99
0.157 7672.39
0.158 7686.34
0.159 7699.83
0.16 7712.86
0.161 7725.8
0.162 7738.28
0.163 7750.32
0.164 7761.91
0.165 7773.06
0.166 7783.76
0.167 7794.02
0.168 7803.83
0.169 7813.21
0.17 7822.14
0.171 7830.26
0.172 7837.94
0.173 7845.17
0.174 7851.97
0.175 7858.33
0.176 7864.24
0.177 7869.72
0.178 7874.77
0.179 7879.38
0.18 7883.56
0.181 7878.2
0.182 7872.31
0.183 7865.89
0.184 7858.94
0.185 7851.46
0.186 7843.46
0.187 7834.93
0.188 7825.88
0.189 7816.3
0.19 7806.19
0.191 7789.72
0.192 7772.67
0.193 7755.04
0.194 7736.83
0.195 7718.04
0.196 7698.68
0.197 7678.73
0.198 7658.22
0.199 7637.13
0.2 7615.47
0.201 7592.8
0.202 7569.55
0.203 7545.73
0.204 7521.33
0.205 7496.37
0.206 7470.84
0.207 7444.74
0.208 7418.06
0.209 7390.82
0.21 7363.02
0.211 7340.65
0.212 7317.77
0.213 7294.39
0.214 7270.5
0.215 7246.1
0.216 7221.2
0.217 7195.81
0.218 7169.91
0.219 7143.51
0.22 7116.61
0.221 7095.98
0.222 7074.91
0.223 7053.41
0.224 7031.47
0.225 7009.11
0.226 6986.3
0.227 6963.07
0.228 6939.4
0.229 6915.31
0.23 6890.79
0.231 6870.39
0.232 6849.59
0.233 6828.41
0.234 6806.84
0.235 6784.89
0.236 6762.55
0.237 6739.83
0.238 6716.73
0.239 6693.24
0.24 6669.37
0.241 6649.86
0.242 6630.01
0.243 6609.82
0.244 6589.29
0.245 6568.42
0.246 6547.2
0.247 6525.65
0.248 6503.77
0.249 6481.55
0.25 6458.99
0.251 6441.58
0.252 6423.87
0.253 6405.87
0.254 6387.59
0.255 6369.02
0.256 6350.15
0.257 6331
0.258 6311.55
0.259 6291.81
0.26 6271.79
0.261 6257.18
0.262 6242.33
0.263 6227.24
0.264 6211.9
0.265 6196.31
0.266 6180.48
0.267 6164.42
0.268 6148.11
0.269 6131.55
0.27 6114.75
0.271 6104.22
0.272 6093.5
0.273 6082.6
0.274 6071.49
0.275 6060.19
0.276 6048.7
0.277 6037.01
0.278 6025.13
0.279 6013.06
0.28 6000.8
0.281 5993.25
0.282 5985.55
0.283 5977.68
0.284 5969.66
0.285 5961.48
0.286 5953.15
0.287 5944.65
0.288 5936
0.289 5927.19
0.29 5918.21
0.2904 5916.87
0.2908 5915.5
0.2912 5914.11
0.2916 5912.71
0.292 5911.29
0.2924 5909.84
0.2928 5908.38
0.2932 5906.9
0.2936 5905.39
0.294 5903.88
0.2944 5902.34
0.2948 5900.78
0.2952 5899.21
0.2956 5897.61
0.296 5895.99
0.2964 5894.36
0.2968 5892.7
0.2972 5891.03
0.2976 5889.34
0.298 5887.63
0.2984 5887.2
0.2988 5886.76
0.2992 5886.3
0.2996 5885.82
0.3 5885.34
0.3004 5884.83
0.3008 5884.3
0.3012 5883.77
0.3016 5883.21
0.302 5882.64
0.3024 5883.38
0.3028 5884.1
0.3032 5884.81
0.3036 5885.52
0.304 5886.2
0.3044 5886.87
0.3048 5887.54
0.3052 5888.19
0.3056 5888.82
0.306 5889.45
0.3064 5890.73
0.3068 5891.99
0.3072 5893.26
0.3076 5894.5
0.308 5895.74
0.3084 5896.97
0.3088 5898.18
0.3092 5899.38
0.3096 5900.58
0.31 5901.76
0.3104 5903.61
0.3108 5905.45
0.3112 5907.28
0.3116 5909.1
0.312 5910.91
0.3124 5912.72
0.3128 5914.51
0.3132 5916.29
0.3136 5918.07
0.314 5919.83
0.3144 5922.96
0.3148 5926.08
0.3152 5929.2
0.3156 5932.31
0.316 5935.42
0.3164 5938.51
0.3168 5941.61
0.3172 5944.69
0.3176 5947.77
0.318 5950.85
0.3184 5955.31
0.3188 5959.76
0.3192 5964.22
0.3196 5968.67
0.32 5973.12
0.3204 5977.57
0.3208 5982
0.3212 5986.44
0.3216 5990.88
0.322 5995.31
0.3224 5999.04
0.3228 6002.76
0.3232 6006.47
0.3236 6010.19
0.324 6013.89
0.3244 6017.59
0.3248 6021.29
0.3252 6024.98
0.3256 6028.66
0.326 6032.35
0.3264 6038.16
0.3268 6043.98
0.3272 6049.79
0.3276 6055.61
0.328 6061.43
0.3284 6067.24
0.3288 6073.06
0.3292 6078.88
0.3296 6084.69
0.33 6090.51
0.3304 6097.77
0.3308 6105.03
0.3312 6112.3
0.3316 6119.57
0.332 6126.85
0.3324 6134.12
0.3328 6141.4
0.3332 6148.68
0.3336 6155.97
0.334 6163.26
0.3344 6170.55
0.3348 6177.85
0.3352 6185.14
0.3356 6192.45
0.336 6199.75
0.3364 6207.06
0.3368 6214.37
0.3372 6221.68
0.3376 6228.99
0.338 6236.31
0.3384 6241.42
0.3388 6246.51
0.3392 6251.61
0.3396 6256.71
0.34 6261.8
0.3404 6266.89
0.3408 6271.97
0.3412 6277.05
0.3416 6282.13
0.342 6287.21
0.3424 6297.52
0.3428 6307.85
0.3432 6318.18
0.3436 6328.52
0.344 6338.87
0.3444 6349.23
0.3448 6359.6
0.3452 6369.98
0.3456 6380.37
0.346 6390.76
0.3464 6404.96
0.3468 6419.17
0.3472 6433.39
0.3476 6447.64
0.348 6461.9
0.3484 6476.18
0.3488 6490.48
0.3492 6504.79
0.3496 6519.12
0.35 6533.47
0.3504 6516.44
0.3508 6499.35
0.3512 6482.2
0.3516 6465
0.352 6447.75
0.3524 6430.44
0.3528 6413.08
0.3532 6395.66
0.3536 6378.19
0.354 6360.66
0.3544 6346.95
0.3548 6333.2
0.3552 6319.4
0.3556 6305.56
0.356 6291.66
0.3564 6277.73
0.3568 6263.74
0.3572 6249.71
0.3576 6235.64
0.358 6221.51
0.3584 6230.07
0.3588 6238.62
0.3592 6247.18
0.3596 6255.75
0.36 6264.31
0.3604 6272.89
0.3608 6281.46
0.3612 6290.04
0.3616 6298.63
0.362 6307.22
0.3624 6314.23
0.3628 6321.24
0.3632 6328.25
0.3636 6335.26
0.364 6342.27
0.3644 6349.28
0.3648 6356.29
0.3652 6363.31
0.3656 6370.32
0.366 6377.33
0.3664 6702.31
0.3668 7027.98
0.3672 7354.35
0.3676 7681.41
0.368 8009.17
0.3684 8337.62
0.3688 8666.76
0.3692 8996.6
0.3696 9327.13
0.37 9658.36
0.3704 9956.27
0.3708 10254.8
0.3712 10554
0.3716 10853.7
0.372 11154.1
0.3724 11455.2
0.3728 11756.8
0.3732 12059.1
0.3736 12361.9
0.374 12665.4
0.3744 12165.9
0.3748 11665.2
0.3752 11163.5
0.3756 10660.6
0.376 10156.7
0.3764 9651.65
0.3768 9145.51
0.3772 8638.28
0.3776 8129.94
0.378 7620.51
0.3784 7665.01
0.3788 7709.57
0.3792 7754.22
0.3796 7798.93
0.38 7843.73
0.3804 7888.6
0.3808 7933.55
0.3812 7978.57
0.3816 8023.67
0.382 8068.84
0.3824 8180.96
0.3828 8293.3
0.3832 8405.86
0.3836 8518.62
0.384 8631.61
0.3844 8744.81
0.3848 8858.22
0.3852 8971.85
0.3856 9085.7
0.386 9199.76
0.3864 9153.55
0.3868 9107.23
0.3872 9060.79
0.3876 9014.24
0.388 8967.56
0.3884 8920.77
0.3888 8873.86
0.3892 8826.84
0.3896 8779.7
0.39 8732.44
0.3904 8730.29
0.3908 8728.12
0.3912 8725.92
0.3916 8723.7
0.392 8721.45
0.3924 8719.18
0.3928 8716.89
0.3932 8714.57
0.3936 8712.22
0.394 8709.85
0.3944 8729.01
0.3948 8748.19
0.3952 8767.38
0.3956 8786.59
0.396 8805.83
0.3964 8825.08
0.3968 8844.35
0.3972 8863.64
0.3976 8882.94
0.398 8902.26
0.3984 8984.31
0.3988 9066.5
0.3992 9148.84
0.3996 9231.32
0.4 9313.94
0.4004 9396.7
0.4008 9479.62
0.4012 9562.67
0.4016 9645.87
0.402 9729.21
0.4024 9725.62
0.4028 9722
0.4032 9718.34
0.4036 9714.66
0.404 9710.95
0.4044 9707.21
0.4048 9703.44
0.4052 9699.64
0.4056 9695.82
0.406 9691.96
0.4064 9678.3
0.4068 9664.59
0.4072 9650.83
0.4076 9637.03
0.408 9623.18
0.4084 9609.27
0.4088 9595.32
0.4092 9581.32
0.4096 9567.27
0.41 9553.17
0.4104 9539.03
0.4108 9524.83
0.4112 9510.58
0.4116 9496.29
0.412 9481.95
0.4124 9467.55
0.4128 9453.12
0.4132 9438.62
0.4136 9424.08
0.414 9409.5
0.4144 9457.36
0.4148 9505.29
0.4152 9553.3
0.4156 9601.38
0.416 9649.53
0.4164 9697.75
0.4168 9746.04
0.4172 9794.41
0.4176 9842.85
0.418 9891.35
0.4184 9872.25
0.4188 9853.09
0.4192 9833.87
0.4196 9814.59
0.42 9795.26
0.4204 9775.86
0.4208 9756.41
0.4212 9736.9
0.4216 9717.33
0.422 9697.7
0.4224 9690.02
0.4228 9682.3
0.4232 9674.55
0.4236 9666.76
0.424 9658.93
0.4244 9651.06
0.4248 9643.17
0.4252 9635.23
0.4256 9627.26
0.426 9619.26
0.4264 9566.47
0.4268 9513.57
0.4272 9460.55
0.4276 9407.41
0.428 9354.14
0.4284 9300.76
0.4288 9247.26
0.4292 9193.63
0.4296 9139.89
0.43 9086.03
0.4304 9173.17
0.4308 9260.45
0.4312 9347.87
0.4316 9435.43
0.432 9523.14
0.4324 9610.99
0.4328 9698.98
0.4332 9787.12
0.4336 9875.39
0.434 9963.8
0.4344 9946.01
0.4348 9928.16
0.4352 9910.26
0.4356 9892.31
0.436 9874.3
0.4364 9856.23
0.4368 9838.12
0.4372 9819.94
0.4376 9801.72
0.438 9783.44
0.4384 9779.48
0.4388 9775.49
0.4392 9771.47
0.4396 9767.43
0.44 9763.35
0.4404 9759.26
0.4408 9755.12
0.4412 9750.97
0.4416 9746.78
0.442 9742.57
0.4424 9761.54
0.4428 9780.52
0.4432 9799.51
0.4436 9818.52
0.444 9837.54
0.4444 9856.58
0.4448 9875.63
0.4452 9894.69
0.4456 9913.76
0.446 9932.85
0.4464 9945.13
0.4468 9957.4
0.4472 9969.68
0.4476 9981.95
0.448 9994.23
0.4484 10006.5
0.4488 10018.8
0.4492 10031.1
0.4496 10043.4
0.45 10055.6
0.4504 10055.1
0.4508 10054.6
0.4512 10054
0.4516 10053.4
0.452 10052.8
0.4524 10052.2
0.4528 10051.6
0.4532 10050.9
0.4536 10050.2
0.454 10049.5
0.4544 10056.7
0.4548 10063.9
0.4552 10071.1
0.4556 10078.3
0.456 10085.5
0.4564 10092.7
0.4568 10099.8
0.4572 10107
0.4576 10114.1
0.458 10121.3
0.4584 10103.4
0.4588 10085.4
0.4592 10067.4
0.4596 10049.3
0.46 10031.2
0.4604 10013
0.4608 9994.78
0.4612 9976.5
0.4616 9958.17
0.462 9939.79
0.4624 9967.84
0.4628 9995.93
0.4632 10024.1
0.4636 10052.2
0.464 10080.4
0.4644 10108.6
0.4648 10136.8
0.4652 10165.1
0.4656 10193.4
0.466 10221.7
0.4664 10198
0.4668 10174.3
0.4672 10150.5
0.4676 10126.7
0.468 10102.8
0.4684 10078.8
0.4688 10054.8
0.4692 10030.8
0.4696 10006.6
0.47 9982.42
0.4704 9977.7
0.4708 9972.94
0.4712 9968.17
0.4716 9963.36
0.472 9958.53
0.4724 9953.67
0.4728 9948.78
0.4732 9943.86
0.4736 9938.92
0.474 9933.94
0.4744 9938.27
0.4748 9942.59
0.4752 9946.9
0.4756 9951.19
0.476 9955.48
0.4764 9959.75
0.4768 9964.01
0.4772 9968.26
0.4776 9972.49
0.478 9976.71
0.4784 9958.96
0.4788 9941.16
0.4792 9923.31
0.4796 9905.42
0.48 9887.47
0.4804 9869.47
0.4808 9851.43
0.4812 9833.33
0.4816 9815.19
0.482 9797
0.4824 10115.1
0.4828 10433.8
0.4832 10752.9
0.4836 11072.6
0.484 11392.8
0.4844 11713.5
0.4848 12034.7
0.4852 12356.4
0.4856 12678.6
0.486 13001.3
0.4864 12699.3
0.4868 12396.9
0.4872 12093.9
0.4876 11790.4
0.488 11486.3
0.4884 11181.8
0.4888 10876.7
0.4892 10571.1
0.4896 10265
0.49 9958.37
0.4904 10136.8
0.4908 10315.6
0.4912 10494.5
0.4916 10673.8
0.492 10853.4
0.4924 11033.2
0.4928 11213.3
0.4932 11393.6
0.4936 11574.3
0.494 11755.2
0.4944 12060.6
0.4948 12366.6
0.4952 12673
0.4956 12979.8
0.496 13287.2
0.4964 13595
0.4968 13903.3
0.4972 14212.1
0.4976 14521.4
0.498 14831.1
0.4984 15126
0.4988 15421.4
0.4992 15717.2
0.4996 16013.5
0.5 16310.3
0.5004 16607.5
0.5008 16905.1
0.5012 17203.2
0.5016 17501.7
0.502 17800.7
0.5024 17001.9
0.5028 16201.8
0.5032 15400.5
0.5036 14597.8
0.504 13793.8
0.5044 12988.6
0.5048 12182
0.5052 11374.1
0.5056 10564.9
0.506 9754.47
0.5064 9778.43
0.5068 9802.43
0.5072 9826.44
0.5076 9850.47
0.508 9874.52
0.5084 9898.6
0.5088 9922.69
0.5092 9946.8
0.5096 9970.94
0.51 9995.09
0.5104 9941.17
0.5108 9887.14
0.5112 9833.01
0.5116 9778.78
0.512 9724.45
0.5124 9670.01
0.5128 9615.47
0.5132 9560.84
0.5136 9506.09
0.514 9451.25
0.5144 9457.02
0.5148 9462.78
0.5152 9468.54
0.5156 9474.29
0.516 9480.03
0.5164 9485.77
0.5168 9491.49
0.5172 9497.21
0.5176 9502.92
0.518 9508.62
0.5184 9527.91
0.5188 9547.22
0.5192 9566.54
0.5196 9585.86
0.52 9605.21
0.5204 9624.57
0.5208 9643.93
0.5212 9663.32
0.5216 9682.72
0.522 9702.12
0.5224 9685
0.5228 9667.84
0.5232 9650.63
0.5236 9633.39
0.524 9616.1
0.5244 9598.76
0.5248 9581.38
0.5252 9563.97
0.5256 9546.5
0.526 9528.99
0.5264 9582.79
0.5268 9636.64
0.5272 9690.57
0.5276 9744.55
0.528 9798.6
0.5284 9852.72
0.5288 9906.91
0.5292 9961.16
0.5296 10015.5
0.53 10069.9
0.5304 10019.9
0.5308 9969.96
0.5312 9919.87
0.5316 9869.69
0.532 9819.43
0.5324 9769.06
0.5328 9718.61
0.5332 9668.06
0.5336 9617.42
0.534 9566.69
0.5344 9570.78
0.5348 9574.85
0.5352 9578.91
0.5356 9582.96
0.536 9587
0.5364 9591.03
0.5368 9595.05
0.5372 9599.06
0.5376 9603.06
0.538 9607.06
0.5384 9576.91
0.5388 9546.69
0.5392 9516.43
0.5396 9486.1
0.54 9455.7
0.5404 9425.25
0.5408 9394.74
0.5412 9364.17
0.5416 9333.53
0.542 9302.84
0.5424 9312.39
0.5428 9321.95
0.5432 9331.5
0.5436 9341.05
0.544 9350.61
0.5444 9360.15
0.5448 9369.7
0.5452 9379.25
0.5456 9388.79
0.546 9398.34
0.5464 9417.44
0.5468 9436.55
0.5472 9455.67
0.5476 9474.81
0.548 9493.96
0.5484 9513.11
0.5488 9532.29
0.5492 9551.48
0.5496 9570.67
0.55 9589.89
0.5504 9580.24
0.5508 9570.55
0.5512 9560.85
0.5516 9551.11
0.552 9541.34
0.5524 9531.54
0.5528 9521.71
0.5532 9511.86
0.5536 9501.97
0.554 9492.06
0.5544 9490.59
0.5548 9489.12
0.5552 9487.62
0.5556 9486.11
0.556 9484.58
0.5564 9483.03
0.5568 9481.46
0.5572 9479.89
0.5576 9478.28
0.558 9476.67
0.5584 9475.04
0.5588 9473.38
0.5592 9471.71
0.5596 9470.03
0.56 9468.32
0.5604 9466.6
0.5608 9464.87
0.5612 9463.11
0.5616 9461.34
0.562 9459.56
0.5624 9458.98
0.5628 9458.38
0.5632 9457.78
0.5636 9457.15
0.564 9456.51
0.5644 9455.86
0.5648 9455.19
0.5652 9454.5
0.5656 9453.81
0.566 9453.08
0.5664 9454.83
0.5668 9456.56
0.5672 9458.28
0.5676 9459.99
0.568 9461.69
0.5684 9463.36
0.5688 9465.04
0.5692 9466.7
0.5696 9468.34
0.57 9469.98
0.5704 9470.36
0.5708 9470.71
0.5712 9471.06
0.5716 9471.4
0.572 9471.72
0.5724 9472.02
0.5728 9472.32
0.5732 9472.59
0.5736 9472.86
0.574 9473.11
0.5744 9475.86
0.5748 9478.59
0.5752 9481.32
0.5756 9484.04
0.576 9486.74
0.5764 9489.44
0.5768 9492.12
0.5772 9494.8
0.5776 9497.47
0.578 9500.12
0.5784 9502.76
0.5788 9505.4
0.5792 9508.01
0.5796 9510.63
0.58 9513.23
0.5804 9515.82
0.5808 9518.4
0.5812 9520.97
0.5816 9523.53
0.582 9526.08
0.5824 9529.89
0.5828 9533.69
0.5832 9537.48
0.5836 9541.27
0.584 9545.04
0.5844 9548.81
0.5848 9552.57
0.5852 9556.32
0.5856 9560.06
0.586 9563.79
0.5864 9564.95
0.5868 9566.1
0.5872 9567.23
0.5876 9568.35
0.588 9569.46
0.5884 9570.56
0.5888 9571.65
0.5892 9572.72
0.5896 9573.78
0.59 9574.83
0.5904 9577.15
0.5908 9579.47
0.5912 9581.77
0.5916 9584.07
0.592 9586.35
0.5924 9588.62
0.5928 9590.89
0.5932 9593.14
0.5936 9595.38
0.594 9597.61
0.5944 9599.83
0.5948 9602.03
0.5952 9604.23
0.5956 9606.42
0.596 9608.59
0.5964 9610.76
0.5968 9612.92
0.5972 9615.06
0.5976 9617.19
0.598 9619.32
0.5984 9618.81
0.5988 9618.29
0.5992 9617.76
0.5996 9617.21
0.6 9616.65
0.6004 9616.08
0.6008 9615.48
0.6012 9614.88
0.6016 9614.26
0.602 9613.63
0.6024 9612.98
0.6028 9612.32
0.6032 9611.64
0.6036 9610.96
0.604 9610.25
0.6044 9609.53
0.6048 9608.8
0.6052 9608.05
0.6056 9607.29
0.606 9606.51
0.6064 9605.72
0.6068 9604.92
0.6072 9604.1
0.6076 9603.26
0.608 9602.41
0.6084 9601.55
0.6088 9600.68
0.6092 9599.78
0.6096 9598.88
0.61 9597.96
0.6104 9598.35
0.6108 9598.75
0.6112 9599.12
0.6116 9599.48
0.612 9599.83
0.6124 9600.16
0.6128 9600.49
0.6132 9600.8
0.6136 9601.1
0.614 9601.38
0.6144 9600.31
0.6148 9599.22
0.6152 9598.12
0.6156 9597.01
0.616 9595.88
0.6164 9594.74
0.6168 9593.58
0.6172 9592.41
0.6176 9591.22
0.618 9590.02
0.6184 9588.8
0.6188 9587.57
0.6192 9586.33
0.6196 9585.07
0.62 9583.79
0.6204 9582.51
0.6208 9581.2
0.6212 9579.88
0.6216 9578.55
0.622 9577.21
0.6224 9575.84
0.6228 9574.47
0.6232 9573.08
0.6236 9571.67
0.624 9570.25
0.6244 9568.82
0.6248 9567.36
0.6252 9565.9
0.6256 9564.42
0.626 9562.93
0.6264 9561.43
0.6268 9559.9
0.6272 9558.36
0.6276 9556.81
0.628 9555.24
0.6284 9553.66
0.6288 9552.07
0.6292 9550.45
0.6296 9548.83
0.63 9547.19
0.6304 9546.91
0.6308 9546.62
0.6312 9546.32
0.6316 9546
0.632 9545.67
0.6324 9545.33
0.6328 9544.98
0.6332 9544.61
0.6336 9544.23
0.634 9543.83
0.6344 9543.43
0.6348 9543.01
0.6352 9542.57
0.6356 9542.13
0.636 9541.67
0.6364 9541.2
0.6368 9540.71
0.6372 9540.22
0.6376 9539.7
0.638 9539.18
0.6384 9537.25
0.6388 9535.3
0.6392 9533.33
0.6396 9531.36
0.64 9529.36
0.6404 9527.36
0.6408 9525.34
0.6412 9523.3
0.6416 9521.24
0.642 9519.18
0.6424 9518.5
0.6428 9517.81
0.6432 9517.11
0.6436 9516.39
0.644 9515.66
0.6444 9514.92
0.6448 9514.16
0.6452 9513.39
0.6456 9512.61
0.646 9511.81
0.6464 9511
0.6468 9510.19
0.6472 9509.35
0.6476 9508.5
0.648 9507.64
0.6484 9506.76
0.6488 9505.87
0.6492 9504.98
0.6496 9504.06
0.65 9503.13
0.6504 9502.19
0.6508 9501.24
0.6512 9500.27
0.6516 9499.29
0.652 9498.29
0.6524 9497.29
0.6528 9496.27
0.6532 9495.23
0.6536 9494.19
0.654 9493.13
0.6544 9492.05
0.6548 9490.97
0.6552 9489.87
0.6556 9488.75
0.656 9487.63
0.6564 9486.49
0.6568 9485.33
0.6572 9484.17
0.6576 9482.99
0.658 9481.79
0.6584 9480.59
0.6588 9479.37
0.6592 9478.14
0.6596 9476.89
0.66 9475.63
0.6604 9474.36
0.6608 9473.07
0.6612 9471.77
0.6616 9470.46
0.662 9469.13
0.6624 9467.8
0.6628 9466.44
0.6632 9465.08
0.6636 9463.7
0.664 9462.3
0.6644 9460.9
0.6648 9459.48
0.6652 9458.04
0.6656 9456.6
0.666 9455.14
0.6664 9453.66
0.6668 9452.18
0.6672 9450.68
0.6676 9449.16
0.668 9447.64
0.6684 9446.1
0.6688 9444.54
0.6692 9442.98
0.6696 9441.4
0.67 9439.8
0.6704 9439.66
0.6708 9439.51
0.6712 9439.34
0.6716 9439.17
0.672 9438.98
0.6724 9438.78
0.6728 9438.57
0.6732 9438.35
0.6736 9438.11
0.674 9437.86
0.6744 9436.13
0.6748 9434.38
0.6752 9432.63
0.6756 9430.86
0.676 9429.07
0.6764 9427.27
0.6768 9425.46
0.6772 9423.63
0.6776 9421.79
0.678 9419.94
0.6784 9419.55
0.6788 9419.16
0.6792 9418.75
0.6796 9418.33
0.68 9417.9
0.6804 9417.46
0.6808 9417
0.6812 9416.54
0.6816 9416.06
0.682 9415.57
0.6824 9413.58
0.6828 9411.57
0.6832 9409.55
0.6836 9407.52
0.684 9405.47
0.6844 9403.41
0.6848 9401.34
0.6852 9399.26
0.6856 9397.15
0.686 9395.04
0.6864 9394.42
0.6868 9393.78
0.6872 9393.13
0.6876 9392.46
0.688 9391.79
0.6884 9391.11
0.6888 9390.41
0.6892 9389.7
0.6896 9388.98
0.69 9388.25
0.6904 9387.5
0.6908 9386.75
0.6912 9385.98
0.6916 9385.2
0.692 9384.41
0.6924 9383.61
0.6928 9382.8
0.6932 9381.97
0.6936 9381.13
0.694 9380.28
0.6944 9379.43
0.6948 9378.55
0.6952 9377.67
0.6956 9376.77
0.696 9375.86
0.6964 9374.94
0.6968 9374.02
0.6972 9373.07
0.6976 9372.12
0.698 9371.15
0.6984 9370.17
0.6988 9369.18
0.6992 9368.19
0.6996 9367.17
0.7 9366.15
0.7004 9365.11
0.7008 9364.06
0.7012 9363
0.7016 9361.94
0.702 9360.85
0.7024 9358.22
0.7028 9355.58
0.7032 9352.92
0.7036 9350.25
0.704 9347.57
0.7044 9344.87
0.7048 9342.16
0.7052 9339.44
0.7056 9336.7
0.706 9333.95
0.7064 9332.74
0.7068 9331.5
0.7072 9330.26
0.7076 9329.01
0.708 9327.74
0.7084 9326.46
0.7088 9325.17
0.7092 9323.87
0.7096 9322.56
0.71 9321.24
0.7104 9319.9
0.7108 9318.55
0.7112 9317.2
0.7116 9315.82
0.712 9314.44
0.7124 9313.05
0.7128 9311.64
0.7132 9310.23
0.7136 9308.8
0.714 9307.36
0.7144 9305.91
0.7148 9304.45
0.7152 9302.97
0.7156 9301.49
0.716 9299.99
0.7164 9298.48
0.7168 9296.96
0.7172 9295.43
0.7176 9293.89
0.718 9292.33
0.7184 9290.77
0.7188 9289.19
0.7192 9287.6
0.7196 9286
0.72 9284.39
0.7204 9282.77
0.7208 9281.13
0.7212 9279.48
0.7216 9277.83
0.722 9276.16
0.7224 9274.48
0.7228 9272.79
0.7232 9271.09
0.7236 9269.37
0.724 9267.64
0.7244 9265.91
0.7248 9264.16
0.7252 9262.4
0.7256 9260.63
0.726 9258.84
0.7264 9257.05
0.7268 9255.25
0.7272 9253.43
0.7276 9251.6
0.728 9249.76
0.7284 9247.91
0.7288 9246.05
0.7292 9244.18
0.7296 9242.29
0.73 9240.4
0.7304 9240.09
0.7308 9239.77
0.7312 9239.44
0.7316 9239.1
0.732 9238.75
0.7324 9238.39
0.7328 9238.03
0.7332 9237.65
0.7336 9237.27
0.734 9236.87
0.7344 9234.86
0.7348 9232.84
0.7352 9230.81
0.7356 9228.77
0.736 9226.71
0.7364 9224.65
0.7368 9222.57
0.7372 9220.48
0.7376 9218.39
0.738 9216.28
0.7384 9214.16
0.7388 9212.03
0.7392 9209.88
0.7396 9207.73
0.74 9205.57
0.7404 9203.39
0.7408 9201.21
0.7412 9199.01
0.7416 9196.8
0.742 9194.58
0.7424 9193.98
0.7428 9193.36
0.7432 9192.73
0.7436 9192.1
0.744 9191.45
0.7444 9190.8
0.7448 9190.14
0.7452 9189.47
0.7456 9188.79
0.746 9188.1
0.7464 9185.77
0.7468 9183.43
0.7472 9181.08
0.7476 9178.72
0.748 9176.35
0.7484 9173.96
0.7488 9171.57
0.7492 9169.17
0.7496 9166.75
0.75 9164.33
0.7504 9161.89
0.7508 9159.44
0.7512 9156.99
0.7516 9154.52
0.752 9152.04
0.7524 9149.55
0.7528 9147.05
0.7532 9144.54
0.7536 9142.02
0.754 9139.49
0.7544 9136.95
0.7548 9134.4
0.7552 9131.83
0.7556 9129.26
0.756 9126.68
0.7564 9124.09
0.7568 9121.48
0.7572 9118.87
0.7576 9116.24
0.758 9113.61
0.7584 9112.62
0.7588 9111.62
0.7592 9110.62
0.7596 9109.61
0.76 9108.58
0.7604 9107.55
0.7608 9106.51
0.7612 9105.47
0.7616 9104.41
0.762 9103.35
0.7624 9102.28
0.7628 9101.2
0.7632 9100.11
0.7636 9099.01
0.764 9097.91
0.7644 9096.79
0.7648 9095.67
0.7652 9094.54
0.7656 9093.4
0.766 9092.26
0.7664 9089.43
0.7668 9086.59
0.7672 9083.74
0.7676 9080.88
0.768 9078.01
0.7684 9075.13
0.7688 9072.24
0.7692 9069.34
0.7696 9066.43
0.77 9063.52
0.7704 9062.27
0.7708 9061.02
0.7712 9059.76
0.7716 9058.49
0.772 9057.22
0.7724 9055.93
0.7728 9054.64
0.7732 9053.34
0.7736 9052.04
0.774 9050.72
0.7744 9047.71
0.7748 9044.68
0.7752 9041.65
0.7756 9038.6
0.776 9035.55
0.7764 9032.49
0.7768 9029.42
0.7772 9026.33
0.7776 9023.24
0.778 9020.15
0.7784 9018.74
0.7788 9017.32
0.7792 9015.9
0.7796 9014.47
0.78 9013.03
0.7804 9011.59
0.7808 9010.13
0.7812 9008.67
0.7816 9007.21
0.782 9005.73
0.7824 9004.25
0.7828 9002.76
0.7832 9001.26
0.7836 8999.76
0.784 8998.25
0.7844 8996.73
0.7848 8995.21
0.7852 8993.68
0.7856 8992.14
0.786 8990.59
0.7864 8987.32
0.7868 8984.04
0.7872 8980.75
0.7876 8977.45
0.788 8974.14
0.7884 8970.82
0.7888 8967.5
0.7892 8964.17
0.7896 8960.82
0.79 8957.47
0.7904 8955.84
0.7908 8954.2
0.7912 8952.56
0.7916 8950.91
0.792 8949.25
0.7924 8947.59
0.7928 8945.91
0.7932 8944.24
0.7936 8942.55
0.794 8940.86
0.7946 8938.31
0.7952 8935.75
0.7958 8933.17
0.7964 8930.58
0.797 8927.97
0.7976 8925.35
0.7982 8922.71
0.7988 8920.06
0.7994 8917.4
0.8 8914.72
0.801 8908.48
0.802 8902.2
0.803 8895.87
0.804 8889.5
0.805 8883.09
0.806 8876.65
0.807 8870.16
0.808 8863.63
0.809 8857.06
0.81 8850.46
0.811 8845.59
0.812 8840.69
0.813 8835.75
0.814 8830.79
0.815 8825.79
0.816 8820.76
0.817 8815.7
0.818 8810.61
0.819 8805.49
0.82 8800.34
0.821 8795.17
0.822 8789.96
0.823 8784.73
0.824 8779.48
0.825 8774.19
0.826 8768.88
0.827 8763.55
0.828 8758.19
0.829 8752.8
0.83 8747.4
0.831 8741.97
0.832 8736.52
0.833 8731.04
0.834 8725.54
0.835 8720.03
0.836 8714.49
0.837 8708.94
0.838 8703.36
0.839 8697.77
0.84 8692.16
0.841 8688.37
0.842 8684.57
0.843 8680.76
0.844 8676.93
0.845 8673.09
0.846 8669.25
0.847 8665.39
0.848 8661.53
0.849 8657.66
0.85 8653.78
0.851 8648.03
0.852 8642.27
0.853 8636.51
0.854 8630.73
0.855 8624.95
0.856 8619.15
0.857 8613.35
0.858 8607.53
0.859 8601.72
0.86 8595.9
0.861 8591.95
0.862 8588.01
0.863 8584.06
0.864 8580.11
0.865 8576.17
0.866 8572.23
0.867 8568.29
0.868 8564.36
0.869 8560.42
0.87 8556.49
0.871 8552.57
0.872 8548.66
0.873 8544.75
0.874 8540.85
0.875 8536.95
0.876 8533.06
0.877 8529.18
0.878 8525.31
0.879 8521.46
0.88 8517.61
0.881 8513.77
0.882 8509.94
0.883 8506.12
0.884 8502.33
0.885 8498.54
0.886 8494.77
0.887 8491.01
0.888 8487.27
0.889 8483.54
0.89 8479.83
0.891 8476.14
0.892 8472.47
0.893 8468.81
0.894 8465.17
0.895 8461.55
0.896 8457.96
0.897 8454.39
0.898 8450.83
0.899 8447.3
0.9 8443.79
0.901 8440.29
0.902 8436.83
0.903 8433.4
0.904 8429.98
0.905 8426.6
0.906 8423.23
0.907 8419.89
0.908 8416.58
0.909 8413.3
0.91 8410.05
0.911 8406.83
0.912 8403.63
0.913 8400.46
0.914 8397.32
0.915 8394.22
0.916 8391.15
0.917 8388.11
0.918 8385.1
0.919 8382.12
0.92 8379.18
0.921 8376.28
0.922 8373.41
0.923 8370.57
0.924 8367.77
0.925 8365
0.926 8362.27
0.927 8359.58
0.928 8356.93
0.929 8354.31
0.93 8351.74
0.931 8349.2
0.932 8346.69
0.933 8344.24
0.934 8341.82
0.935 8339.45
0.936 8337.11
0.937 8334.82
0.938 8332.56
0.939 8330.35
0.94 8328.19
0.941 8328.13
0.942 8328.11
0.943 8328.14
0.944 8328.22
0.945 8328.35
0.946 8328.54
0.947 8328.77
0.948 8329.05
0.949 8329.39
0.95 8329.77
0.951 8328.12
0.952 8326.54
0.953 8324.99
0.954 8323.5
0.955 8322.05
0.956 8320.65
0.957 8319.3
0.958 8318
0.959 8316.76
0.96 8315.56
0.961 8316.52
0.962 8317.53
0.963 8318.59
0.964 8319.71
0.965 8320.9
0.966 8322.14
0.967 8323.43
0.968 8324.78
0.969 8326.18
0.97 8327.65
0.971 8329.18
0.972 8330.76
0.973 8332.4
0.974 8334.1
0.975 8335.85
0.976 8337.67
0.977 8339.56
0.978 8341.5
0.979 8343.49
0.98 8345.55
0.981 8347.66
0.982 8349.84
0.983 8352.08
0.984 8354.38
0.985 8356.74
0.986 8359.16
0.987 8361.64
0.988 8364.18
0.989 8366.79
0.99 8369.45
0.991 8378.68
0.992 8387.98
0.993 8397.35
0.994 8406.79
0.995 8416.32
0.996 8425.93
0.997 8435.6
0.998 8445.35
0.999 8455.17
1 8465.06
1.002 8309.07
1.004 8081.54
1.006 8099.36
1.008 8410.98
1.01 8364.29
1.012 8301.92
1.014 8353.68
1.016 8178.07
1.018 8222.31
1.02 8167.94
1.022 8183
1.024 8135.7
1.026 8139.22
1.028 8144.95
1.03 8115.91
1.032 8096.97
1.034 8055.07
1.036 8182.12
1.038 8079.14
1.04 8259.6
1.042 8211.35
1.044 8266.45
1.046 8158.5
1.048 8185.58
1.05 8181.33
1.052 8118.02
1.054 8219.32
1.056 8234.04
1.058 8196.61
1.06 8144.77
1.08 8086.1
1.1 8018.7
1.12 7948.14
1.14 7878.91
1.16 7813.52
1.18 7752.57
1.2 7698.42
1.22 7649.74
1.24 7607.42
1.26 7587.24
1.28 7490.74
1.3 7358.82
1.32 7111.19
1.34 6803.61
1.36 6510.19
1.38 6259.91
1.4 6031.36
1.42 5791.38
1.44 5551.24
1.46 5328.3
1.48 5134.47
1.5 4997.24
1.52 4914.55
1.54 4879.37
1.56 4892.77
1.58 4944.49
1.6 5027.71
1.62 5117.38
1.64 5193.21
1.66 5243.7
1.68 5275.19
1.7 5313.53
1.72 5333.99
1.74 5331.45
1.76 5315.29
1.78 5267.64
1.8 5192.91
1.82 5098.19
1.84 4995.35
1.86 4859.79
1.88 4697.66
1.9 4534.23
1.92 4350.96
1.94 4159.73
1.96 3984.56
1.98 3824.79
2 3687.87
2.02 3581.07
2.04 3510.71
2.06 3477.75
2.08 3477.28
2.1 3498.49
2.12 3539.39
2.14 3583.34
2.16 3610.28
2.18 3617.34
2.2 3589.48
2.22 3513.76
2.24 3391.82
2.26 3230.56
2.28 3042.46
2.3 2846.87
2.32 2672.09
2.34 2544.72
2.36 2479.2
2.38 2484.19
2.4 2562.72
2.42 2681.21
2.44 2779.61
2.46 2777
2.48 2598.21
2.5 2220.22
2.52 1765.55
2.54 1644.68
2.56 2772.47
