0.1005 441.074
0.1015 418.078
0.1025 251.916
0.1035 318.064
0.1045 527.955
0.1055 564.395
0.1065 485.709
0.1075 559.002
0.1085 458.741
0.1095 578.711
0.1105 630.962
0.1115 625.751
0.1125 630.325
0.1135 744.153
0.1145 685.751
0.1155 760.466
0.1165 816.996
0.1175 698.942
0.1185 775.838
0.1195 412.06
0.1205 379.435
0.1215 256.179
0.1225 438.478
0.1235 838.7
0.1245 1016.43
0.1255 962.672
0.1265 706.661
0.1275 1146.71
0.1285 1266.83
0.1295 1002.21
0.1305 906.495
0.1315 1222.05
0.1325 1218.12
0.1335 1008.99
0.1345 1337.67
0.1355 1294.78
0.1365 1134.32
0.1375 1272.22
0.1385 1306.55
0.1395 1284.28
0.1405 1301.28
0.1415 1222.42
0.1425 1304.26
0.1435 1245.27
0.1442 1353.93
0.1447 1419.06
0.1455 1369.63
0.1465 1260.74
0.1475 1232.55
0.1485 1296.89
0.1495 1358.94
0.1505 1311.02
0.1512 1160.65
0.1517 1278.3
0.1525 1166.4
0.1535 1023.71
0.1545 1239.94
0.1555 1141.93
0.1565 1107.92
0.1575 1169.42
0.1585 1263.25
0.1595 1308.36
0.1605 1254.87
0.1615 1273.44
0.1625 1178.02
0.1635 1251.74
0.1645 1283.11
0.1655 1141.05
0.1665 1280.55
0.1672 1061.01
0.1677 1264.38
0.1685 1380.94
0.1695 1292.35
0.1705 1217.74
0.1715 1145.02
0.1725 1138.31
0.1735 1220.25
0.1745 1200.52
0.1755 1318.96
0.1765 1149.38
0.1775 1229.69
0.1785 1241.9
0.1795 1353.01
0.1805 1322.52
0.1815 1240.63
0.1825 1242.07
0.1835 1185.13
0.1845 1087.26
0.1855 1086.64
0.1865 1124.2
0.1875 1232.44
0.1885 1148.8
0.1895 1119.18
0.1905 1152.19
0.1915 1131.34
0.1925 1126.58
0.1935 1135.29
0.1945 1183.93
0.1955 1127.52
0.1967 1236.94
0.1976 1265.97
0.1984 1198.14
0.1995 1153.9
0.2005 1177.84
0.2015 1117.44
0.2025 1182.85
0.2035 1132.67
0.2045 1188.87
0.2055 1130.51
0.2065 1130.28
0.2074 1210.33
0.2078 1186.17
0.2085 1216.36
0.2095 1148.64
0.2105 1134.67
0.2115 1145.93
0.2125 1165.09
0.2135 1043.14
0.2145 1115.4
0.2155 1156.45
0.2165 1099
0.2175 1085.19
0.2185 1074.43
0.2195 1137.76
0.2205 1089.97
0.2215 1016.73
0.2225 980.208
0.2235 1090.34
0.2245 1014.74
0.2255 966.757
0.2265 999.087
0.2275 1048.9
0.2285 1095.31
0.2295 1044.13
0.2305 1024.82
0.2315 969.378
0.2325 730.817
0.2335 892.318
0.2345 850.639
0.2355 964.368
0.2365 850.463
0.2375 899.265
0.2385 809.617
0.2395 901.085
0.2405 858.181
0.2415 893.881
0.2425 980.934
0.2435 941.783
0.2445 1025.17
0.2455 1003.96
0.2465 1005.77
0.2475 959.998
0.2485 1003.83
0.2495 978.359
0.2505 1096.62
0.2513 945.481
0.2518 970.163
0.2525 915.467
0.2535 946.262
0.2545 931.653
0.2555 1033.99
0.2565 995.854
0.2575 1085.39
0.2585 1067.63
0.2595 1051.14
0.2605 1002.72
0.2615 991.106
0.2625 1064.74
0.2635 1125.77
0.2645 1265.43
0.2655 1319.77
0.2665 1150.9
0.2675 1229.86
0.2685 1232.97
0.2695 1162.86
0.2705 1229.16
0.2715 1136.37
0.2725 1127.46
0.2735 1217.01
0.2745 1005.38
0.2755 1043.15
0.2765 1108.25
0.2775 1177.89
0.2785 1094.13
0.2795 824.838
0.2805 911.244
0.2815 1182.39
0.2825 1280.04
0.2835 1229.03
0.2845 1169.23
0.2855 1111.61
0.2865 1280.16
0.2875 1309.06
0.2885 1299.76
0.2895 1312.29
0.291 1492.78
0.293 1418.03
0.295 1396.63
0.297 1436.84
0.299 1452.04
0.301 1489.56
0.303 1499.46
0.305 1509.92
0.307 1539.11
0.309 1560.56
0.311 1587.9
0.313 1563.41
0.315 1579.8
0.317 1609.75
0.319 1510.26
0.321 1593.88
0.323 1501.15
0.325 1666.59
0.327 1769.3
0.329 1760.06
0.331 1747.51
0.333 1753.76
0.335 1731.49
0.337 1600.46
0.339 1655.69
0.341 1679.95
0.343 1698.05
0.345 1736.64
0.347 1748.63
0.349 1820.61
0.351 1880.99
0.353 1809.52
0.355 1928.67
0.357 1678.29
0.359 1683.05
0.361 1822.51
0.363 1869.5
0.364 1896.17
0.365 2036.28
0.367 2057.61
0.369 1892.9
0.371 2057.42
0.373 1827.95
0.375 2173.15
0.377 2420.91
0.379 2725.8
0.381 2931.68
0.383 2215.97
0.385 2932.58
0.387 3149.5
0.389 2457.71
0.391 3458.05
0.393 2615.88
0.395 3204.38
0.397 2059.27
0.399 3744.1
0.401 4100.02
0.403 4093.67
0.405 4045.13
0.407 3889.11
0.409 3854.57
0.411 3353.16
0.413 4005.21
0.415 4114.33
0.417 4130.31
0.419 4116.83
0.421 4149.7
0.423 4034.19
0.425 4167.92
0.427 4006.06
0.429 3931.28
0.431 3611.9
0.433 3830.3
0.435 3593.18
0.437 4455.17
0.439 4226.53
0.441 4354.17
0.443 4478.69
0.445 4542.47
0.447 4700.07
0.449 4749.25
0.451 5197.14
0.453 4748.89
0.455 4859.81
0.457 5164.1
0.459 4951.74
0.461 5064.5
0.463 4941.83
0.465 5025.95
0.467 5173.52
0.469 5084.76
0.471 4932.36
0.473 5132.48
0.475 5249.84
0.477 5219.1
0.479 5225.89
0.481 5189.99
0.483 5280.25
0.485 4737.52
0.487 4188.3
0.489 5104.57
0.491 5179.02
0.493 5102.6
0.495 5314.47
0.497 5254.23
0.499 4962.79
0.501 4736.42
0.503 4988.63
0.505 4966.48
0.507 5169.78
0.509 4951.26
0.511 5057.6
0.513 4911.48
0.515 4773.61
0.517 4516.05
0.519 4631.34
0.521 4900.46
0.523 5163.79
0.525 5357.15
0.527 4839.07
0.529 5426.38
0.531 5682.34
0.533 5125.62
0.535 5547.2
0.537 5533.19
0.539 5426.33
0.541 5357.52
0.543 5451.56
0.545 5605.6
0.547 5492.76
0.549 5517.89
0.551 5481.99
0.553 5648.01
0.555 5728.93
0.557 5641.52
0.559 5534.74
0.561 5724.5
0.563 5685.62
0.565 5760.12
0.567 5646.43
0.569 5825.14
0.571 5667.26
0.573 6104.28
0.575 5884.38
0.577 5962.43
0.579 5756.3
0.581 5989.82
0.583 6165.52
0.585 5996.48
0.587 5999.61
0.589 5383.34
0.591 5936.71
0.593 5995.17
0.595 6002.18
0.597 6111.79
0.599 6016
0.601 5952.8
0.603 6119.67
0.605 6230.53
0.607 6234.31
0.609 6026.42
0.611 6055.24
0.613 5762.41
0.615 5903.95
0.617 5665.47
0.619 6010.98
0.621 5970.73
0.623 5803.46
0.625 5629.21
0.627 5909.08
0.629 6029.05
0.631 5873.32
0.633 5965.63
0.635 5946.93
0.637 5935.04
0.639 6090.66
0.641 5987.72
0.643 6053.92
0.645 6020.32
0.647 6030.61
0.649 5919.74
0.651 6122.03
0.653 6096.2
0.655 5866.74
0.657 5419.65
0.659 6040.16
0.661 6157.44
0.663 6118.48
0.665 6138.18
0.667 6013.66
0.669 6115.75
0.671 5903.41
0.673 6070.24
0.675 5979.76
0.677 6026.25
0.679 5961.25
0.681 6009
0.683 6087.23
0.685 5946.83
0.687 6060.68
0.689 6159.8
0.691 6149.6
0.693 6111.04
0.695 6119.69
0.697 6205.57
0.699 6187.2
0.701 6093.51
0.703 6240.81
0.705 6292.44
0.707 6129.99
0.709 5962.59
0.711 5823.06
0.713 5727.44
0.715 5727.66
0.717 5803.3
0.719 5679.98
0.721 5834.35
0.723 5958.75
0.725 6014.08
0.727 6060.24
0.729 5975.88
0.731 6155.71
0.733 6190.16
0.735 6261.38
0.737 6428.22
0.739 6314.59
0.741 6324.82
0.743 6477.82
0.745 6496.63
0.747 6605.18
0.749 6603.48
0.751 6696.05
0.753 6821.04
0.755 6882.41
0.757 6865.66
0.759 6747.76
0.761 6653.03
0.763 6543.63
0.765 6433.54
0.767 6148.48
0.769 6313.71
0.771 6217.58
0.773 6235.13
0.775 6208.3
0.777 6291.8
0.779 6378.54
0.781 6370.38
0.783 6333.15
0.785 6253.59
0.787 6380.07
0.789 6285.46
0.791 6161.08
0.793 6198.62
0.795 6155.5
0.797 6384.54
0.799 6400.56
0.801 6474.31
0.803 6505.31
0.805 6523
0.807 6609.3
0.809 6549.43
0.811 6631.57
0.813 6838.71
0.815 6926.33
0.817 7014.28
0.819 6822.6
0.821 6751.26
0.823 6816.37
0.825 6828.37
0.827 6927.44
0.829 6864.53
0.831 6626.19
0.833 6606.74
0.835 6619.52
0.837 6686.41
0.839 6477.58
0.841 6699.71
0.843 6394.74
0.845 6264.7
0.847 6282.66
0.849 6339.85
0.851 6044.98
0.853 6350.8
0.855 5733.7
0.857 6624.46
0.859 6501.82
0.861 6586.97
0.863 6815.97
0.865 6788.6
0.867 5987.21
0.869 6688.31
0.871 6985.38
0.873 7032.08
0.875 6847.68
0.877 7114.54
0.879 7254.19
0.881 7130.69
0.883 7217.05
0.885 7171.25
0.887 6820.29
0.889 7085.37
0.891 7224.81
0.893 7090.86
0.895 7139.83
0.897 7175.67
0.899 7181.7
0.901 6848.02
0.903 7185.29
0.905 7523.96
0.907 7538.92
0.909 7394.29
0.911 7516.6
0.913 7695.08
0.915 7652.76
0.917 7657.62
0.919 7760.92
0.921 7413.61
0.923 7105.64
0.925 7215.06
0.927 7323.14
0.929 7266.84
0.931 7342.7
0.933 7365.38
0.935 7356.97
0.937 7248.05
0.939 7391.92
0.941 7226.81
0.943 7466.97
0.945 7358.82
0.947 7565.15
0.949 7596.9
0.951 7452.99
0.953 7473.95
0.955 7223.15
0.957 7448.73
0.959 7661.01
0.961 7570.42
0.963 7623.56
0.965 7512.79
0.967 7522.98
0.969 7676.44
0.971 7572.06
0.973 7517.52
0.975 7498.73
0.977 7555.66
0.979 7462.58
0.981 7677.23
0.983 7602.06
0.985 7684.86
0.987 7643.92
0.989 7652.12
0.991 7605.31
0.993 7672.05
0.995 7704.06
0.997 7725.07
0.999 7709.18
1.003 7688.16
1.007 7596
1.013 7798.5
1.017 7742.83
1.022 7814.9
1.028 7887.38
1.032 7818.9
1.038 7808.74
1.043 7881.04
1.048 7800.69
1.052 7758.53
1.058 7648.32
1.063 7617.69
1.068 7562.73
1.072 7646.52
1.078 7643.51
1.082 7553.9
1.087 7564.7
1.092 7522.82
1.098 7509.38
1.102 7524.51
1.108 7446.71
1.113 7461.82
1.117 7437.03
1.122 7472.39
1.128 7406.05
1.133 7432.58
1.138 7421.22
1.143 7373.57
1.147 7505.35
1.153 7516.91
1.157 7453.2
1.162 7373.75
1.167 7396.87
1.173 7471.73
1.177 7323.21
1.183 7286.22
1.187 7183.63
1.192 7335.03
1.198 7121.8
1.203 7298.25
1.207 7255.6
1.212 7296.85
1.218 7355.49
1.223 7335.96
1.227 7307.8
1.232 7280.66
1.237 7296.49
1.243 7223.93
1.248 7229.94
1.253 7187.12
1.258 7190.24
1.262 7175.78
1.267 7133.97
1.272 7166.83
1.278 7195.92
1.283 6920.58
1.288 7118.93
1.292 7064.62
1.298 7178.99
1.302 7097.66
1.308 7161.78
1.313 7031.46
1.318 7041.18
1.323 7067.89
1.328 6969.45
1.332 7005.21
1.338 6955.18
1.343 7008.46
1.347 6964.62
1.352 6945.52
1.357 6863.37
1.363 6866.02
1.367 6913.94
1.373 6959.52
1.377 6959.44
1.382 6989.81
1.388 6953.48
1.393 6695.36
1.397 6675.86
1.402 6622.05
1.408 6705.02
1.412 6632.74
1.418 6731.67
1.423 6676.55
1.428 6589.16
1.433 6736.7
1.438 6802.72
1.442 6643.09
1.448 6801.86
1.452 6753.57
1.457 6822.59
1.462 6702.82
1.467 6695.95
1.472 6645.31
1.477 6711.56
1.483 6768.98
1.488 6720.31
1.492 6920.33
1.498 6873.41
1.503 6801.93
1.507 6831.19
1.512 6976.79
1.517 7027.9
1.522 7039.8
1.528 7121.21
1.533 7116.19
1.537 7134.75
1.543 7108.42
1.548 7145.77
1.552 7095.42
1.557 6902.49
1.562 7011.26
1.567 6981.58
1.572 7175.25
1.578 6753.57
1.583 6804.24
1.587 6774.52
1.593 7029.75
1.598 6930.73
1.605 6987.8
1.615 7123.88
1.625 6993.82
1.635 7239.31
1.645 6973.53
1.655 7214.74
1.665 7086.04
1.675 7110.04
1.685 7015.5
1.695 7119.8
1.705 7023.17
1.715 6981.99
1.725 6882.44
1.735 6707.54
1.745 6707.55
1.755 6622.74
1.765 6546.35
1.775 6412.92
1.785 6363.33
1.795 6246.42
1.805 6117.81
1.815 6041.1
1.825 6000.22
1.835 5955.14
1.845 5854.66
1.855 5831.6
1.865 5704.53
1.875 5600.04
1.885 5636.92
1.895 5467.26
1.905 5584.15
1.915 5517.98
1.925 5489.91
1.935 5375.43
1.945 5270.29
1.955 5301.04
1.965 5241.07
1.975 5136.4
1.985 5114.75
1.995 5088.95
2.005 5099.72
2.015 5061.96
2.025 4971.21
2.035 4950.75
2.045 4978.98
2.055 4927.5
2.065 4894.36
2.075 4879.84
2.085 4841.83
2.095 4791.62
2.105 4818.51
2.115 4763.36
2.125 4734.95
2.135 4745.53
2.145 4712.39
2.155 4670.77
2.165 4604.59
2.175 4581.75
2.185 4566.63
2.195 4543.04
2.205 4457.91
2.215 4490.56
2.225 4408.17
2.235 4386.81
2.245 4356.8
2.255 4334.65
2.265 4266.13
2.275 4280.89
2.285 4206.57
2.295 3609
2.305 3849
2.315 3844.52
2.325 3345.79
2.335 3592.12
2.345 3477.75
2.355 3133.33
2.365 3389.85
2.375 3274.51
2.385 3003.38
2.395 3198.98
2.405 3149.9
2.415 2909.33
2.425 3039.91
2.435 2983.36
2.445 2842.24
2.455 2811.91
2.465 2855.48
2.475 2753.88
2.485 2524.64
2.495 2517.95
2.505 2576.44
2.515 2419.66
2.525 2500.92
2.535 2508.26
2.545 2467.61
2.555 2467.17
2.565 2485.6
2.575 2525.99
2.585 2439.09
2.595 2472.84
2.605 2506.46
2.615 2465.84
2.625 2436
2.635 2463.8
2.645 2450.69
2.655 2435.94
2.665 2393.42
2.675 2449.88
2.685 2438.21
2.695 2379.09
2.705 2406.94
2.715 2393.76
2.725 2402.1
2.735 2355.86
2.745 2370.06
2.755 2368.54
2.765 2346.49
2.775 2312.44
2.785 2332.12
2.795 2336.9
2.805 2314.7
2.815 2288.63
2.825 2293.66
2.835 2289.74
2.845 2273.13
2.855 2261.09
2.865 2255.79
2.875 2239.79
2.885 2226.27
2.895 2219.03
2.905 2212.77
2.915 2204.77
2.925 2168.57
2.935 2183.08
2.945 2160.61
2.955 2155.19
2.965 2153.65
2.975 2138.35
2.985 2125.1
2.995 2115.55
3.005 2102.58
3.015 2107.88
3.025 2088
3.035 2072.98
3.045 2085.4
3.055 2069.03
3.065 2065.57
3.075 2062.06
3.085 2044.76
3.095 2050.76
3.105 2051.63
3.115 2025.95
3.125 2033.57
3.135 2024.96
3.145 2019.74
3.155 2014.44
3.165 1999.18
3.175 1999.58
3.185 2014.78
3.195 2076.75
3.21 2230.64
3.23 2617.84
3.25 3216.19
3.27 3876.03
3.29 4323.19
3.31 4324.38
3.33 3862.87
3.35 3174
3.37 2530.79
3.39 2097
3.41 1862.39
3.43 1839.96
3.45 1829.84
3.47 1815.06
3.49 1802.56
3.51 1792.33
3.53 1775.41
3.55 1765.98
3.57 1752.38
3.59 1739.17
3.61 1735.12
3.63 1721.52
3.65 1707.61
3.67 1696.14
3.69 1679.74
3.71 1667.12
3.73 1662.6
3.75 1643.3
3.77 1641.13
3.79 1629.81
3.81 1626.72
3.83 1623.23
3.85 1619.61
3.87 1608
3.89 1607.03
3.91 1602.94
3.93 1601.7
3.95 1589.41
3.97 1589.32
3.99 1578.82
4.01 1583.7
4.03 1584.97
4.05 1577.19
4.07 1579.64
4.09 1578.34
4.11 1580.73
4.13 1580.64
4.15 1578.48
4.17 1575.99
4.19 1579.76
4.21 1576.25
4.23 1583.81
4.25 1581.8
4.27 1586.09
4.29 1548.96
4.31 1510.87
4.33 1531.4
4.35 1503.99
4.37 1501.94
4.39 1507.11
4.41 1491.65
4.43 1502.59
4.45 1510.77
4.47 1506.41
4.49 1528
4.51 1532.3
4.53 1535.58
4.55 1557.41
4.57 1572.45
4.59 1569.07
4.61 1596.01
4.63 1606.44
4.65 1618.37
4.67 1641.9
4.69 1653.18
4.71 1663.44
4.73 1689.22
4.75 1697.15
4.77 1715.05
4.79 1732.15
4.81 1741.08
4.83 1769.37
4.85 1780.64
4.87 1792.67
4.89 1809.25
4.91 1826.54
4.93 1844
4.95 1853.04
4.97 1869.53
4.99 1873.45
5.01 1885.13
5.03 1894.6
5.05 1900.08
5.07 1913.32
5.09 1922.94
5.11 1930.69
5.13 1943.74
5.15 1952.27
5.17 1968.16
5.19 1976.45
5.21 1988.4
5.23 1996.22
5.25 2009.58
5.27 2025.32
5.29 2029.78
5.31 2038.63
5.33 2053.6
5.35 2064.47
5.37 2075.46
5.39 2087.48
5.41 2099.42
5.43 2107.98
5.45 2124.31
5.47 2133.32
5.49 2147.3
5.51 2158.18
5.53 2178.99
5.55 2183.18
5.57 2201.13
5.59 2211.41
5.61 2227.2
5.63 2236.18
5.65 2254.04
5.67 2267.05
5.69 2277.78
5.71 2296.45
5.73 2310.74
5.75 2324.12
5.77 2338.28
5.79 2355.48
5.81 2367.48
5.83 2383.06
5.85 2398.48
5.87 2234.42
5.89 2330.49
5.91 2431.33
5.93 2539.4
5.95 2650.75
5.97 2771.67
5.99 3020.31
6.01 3296.42
6.03 3603.12
6.05 3942.32
6.07 4334.91
6.09 4787.36
6.11 5292.6
6.13 5858.24
6.15 6488.93
6.17 6404.58
6.19 6320.36
6.21 6238.75
6.23 6156.81
6.25 5841.61
6.27 5333.63
6.29 4875.43
6.31 4461.18
6.33 4088.69
6.35 3906.79
6.37 3736.39
6.39 3572.59
6.42 3344.99
6.46 3170.65
6.5 3041.27
6.54 3004.05
6.58 3055.07
6.62 3097.99
6.66 3116.41
6.7 3134.56
6.74 3245.92
6.78 3362.03
6.82 3506.74
6.86 3684.16
6.9 3849.67
6.94 3956.76
6.98 4066.86
7.02 3968.38
7.06 3873.37
7.1 3972.81
7.14 4142.81
7.18 4441.01
7.22 4896.16
7.26 5400.95
7.3 6083.14
7.34 6855.36
7.38 7655.2
7.42 8522.46
7.46 9252.79
7.5 9794.85
7.54 10151.6
7.58 9877.27
7.62 9611.72
7.66 9382.96
7.7 9169.62
7.74 8831.26
7.78 8383.88
7.82 7932.84
7.86 7427.91
7.9 6957.86
7.94 6338.27
7.98 5778.15
8.02 5418.72
8.06 5130.61
8.1 4940.11
8.14 4997.94
8.18 5056.55
8.22 5131.52
8.26 5207.54
8.3 5204.48
8.34 5175.04
8.38 5246.27
8.42 5422.82
8.46 5605.8
8.5 5466.77
8.54 5331.7
8.58 5176.07
8.62 5017.81
8.66 4864.97
8.7 4716.93
8.74 4574.23
8.78 4421.7
8.82 4176.07
8.86 3945.71
8.9 3729.63
8.94 3526.45
8.98 3335.7
9.02 3156.36
9.06 2985.24
9.1 2824.3
9.14 2673.31
9.18 2531.24
9.22 2397.87
9.26 2272.14
9.3 2495.1
9.34 2768.25
9.38 3072.72
9.42 3411.75
9.46 3432.68
9.5 3367.08
9.54 3303.13
9.58 3240.77
9.62 3179.99
9.66 3120.75
9.7 3063
9.74 3005.82
9.78 3010.06
9.82 3034.52
9.82819 3039.54
9.86 3059.13
9.9 3083.88
9.94 3108.76
9.95808 3120.06
9.98 3133.79
10 3163.77
10.0897 3486.45
10.223 4025.34
10.3581 4449.72
10.495 4879.7
10.6337 5208.09
10.7743 5980.6
10.9167 7880.19
11 9185.78
11.0609 10181
11.2071 10639.3
11.3552 9875.17
11.5053 9529.08
11.6574 9966.37
11.8114 10449.9
11.9675 11026.7
12 11219.2
12.1257 11990.4
12.2859 13109.4
12.4483 14540.6
12.6128 16495.5
12.7795 14382.9
12.9484 12759.4
13 12610.5
13.1195 12274.7
13.2929 12218.5
13.4686 12328
13.6466 12488.6
13.8269 13261.9
14 13827.3
14.0097 13851.6
14.1948 14239.2
14.3824 14452.2
14.5725 14423.7
14.7651 14162.4
14.9602 14439.7
15 14643.9
15.1579 16500.1
15.3583 20290.6
15.5613 16283.3
15.7669 14841.6
15.9753 15476.3
16 15616.4
16.1864 15865.9
16.4003 15818.3
16.6171 15770.9
16.8367 15723.6
17 15689
17.0592 15676.5
17.2847 15629.6
17.5131 15582.8
17.7445 15712.9
17.9791 15844.1
18 15855.8
18.2167 15976.3
18.4574 16109.6
18.7014 16244.1
18.9485 16513.2
19 16569.4
19.1989 16796
19.4527 17086.1
19.7097 17381.2
19.9702 17681.5
20 17715.9
20.2342 17991.8
20.5016 18308.1
20.7725 18630
21 18901.4
21.047 18959.5
21.3252 19304
21.607 19654.7
21.8926 20012
22 20146.8
22.1819 20374.8
22.4751 20743.8
22.7721 21119.6
23 21409.3
23.0731 21494.5
23.378 21850.6
23.687 22212.8
24 22581.1
25 23728
26 24892.4
27 25992.5
28 27031.2
30 29127.2
32 31295.9
34 33467.5
36 35232.5
38 36875.1
40 37776.1
42 37820.5
44 37712.2
46 38204.8
48 38795
50 39294.1
52 40209.8
54 41268.2
56 42270
58 43063.1
60 43463.4
62 42862.4
64 42091.4
66 41263.7
68 40466.7
70 39532.7
80 35148.6
90 30397.8
100 25321.2
110 21164.3
120 18171.8
130 15349.8
140 12745
150 10874.7
159.9 8944.49
300 1191.08
800 29.2119
1200 6.30732
1272 5.0603
1447 3.10839
1646 2.1946
1873 1.64949
2131 1.31167
2425 1.09184
2759 0.939757
3139 0.828084
3572 0.741276
4064 0.670385
4624 0.61065
5261 0.559234
5986 0.513883
6046 0.508969
