0.100046 188.653
0.101205 592.467
0.102376 742.437
0.103562 919.733
0.104761 564.497
0.105974 848.518
0.107201 1414.68
0.108443 1311.18
0.109698 1357.25
0.110969 1278.39
0.112254 1631.79
0.113553 1605.67
0.114868 1481.35
0.116198 1864.92
0.117544 1814.1
0.118905 1943.86
0.120282 1317.22
0.121675 1903.99
0.123084 1360.39
0.124509 761.486
0.125951 2012.17
0.127409 2310.27
0.128884 2375
0.130377 2695.65
0.131886 2758.42
0.133414 2509.94
0.134958 3010.64
0.136521 2739.43
0.138102 2955.71
0.139701 2915.14
0.141319 2816.21
0.142955 2257.67
0.144611 2695.65
0.146285 2701.85
0.147979 2908.45
0.149692 2901.76
0.151426 2962.53
0.153179 2962.53
0.154953 2790.36
0.156747 2498.39
0.158562 2196.15
0.160398 2568.39
0.162256 2745.78
0.164135 2527.35
0.166035 2515.73
0.167958 2556.62
0.169903 2527.34
0.17187 2695.63
0.17386 2616.16
0.175873 2413.54
0.17791 2592.18
0.17997 2622.18
0.182054 2550.72
0.184162 2509.93
0.186294 2492.63
0.188452 2320.94
0.190634 2226.7
0.192841 2106.98
0.195074 1998.32
0.197333 1856.36
0.199618 1886.52
0.20193 1781
0.204268 1594.64
0.206633 1613.1
0.209026 1501.97
0.211446 1363.52
0.213895 1382.49
0.216371 1314.19
0.218877 1246.42
0.221411 1223.66
0.223975 1209.65
0.226569 1179.4
0.229192 1229.31
0.231846 1278.38
0.234531 1344.81
0.237247 1431.07
0.239994 1464.4
0.242773 1558.34
0.245584 1594.63
0.248428 1693.02
0.251304 1843.57
0.254214 1856.35
0.257158 1912.77
0.260136 1952.81
0.263148 2102.14
0.266195 2102.13
0.269277 2176.01
0.272396 2242.13
0.27555 2242.13
0.27874 2196.14
0.281968 2216.47
0.285233 2278.57
0.288536 2419.15
0.291877 2331.64
0.295257 2408.03
0.298676 2504.16
0.302134 2486.91
0.305633 2515.71
0.309172 2441.53
0.312752 2492.65
0.316373 2521.51
0.320037 2622.18
0.323743 2610.13
0.327491 2708.08
0.331284 2739.44
0.33512 2758.43
0.339 2752.08
0.342926 2783.95
0.346897 2803.25
0.350913 2816.18
0.354977 2783.95
0.359087 2796.8
0.363245 2848.79
0.367451 2720.58
0.371706 2822.68
0.37601 2752.08
0.380365 3278.4
0.384769 3270.86
0.389224 3401.42
0.393731 3923.38
0.398291 3285.96
0.402903 4080
0.407568 4146.35
0.412287 4738.7
0.417061 4630.84
0.421891 4588.4
0.426776 4727.78
0.431718 4826.78
0.436717 4793.58
0.441774 4673.66
0.446889 4950.59
0.452064 4950.6
0.457299 4939.24
0.462594 5206.63
0.467951 5251.21
0.473369 5320.62
0.478851 5281.53
0.484395 5281.5
0.490004 5347.66
0.495678 5169.62
0.501418 5382.17
0.507224 6165.36
0.513098 6775.82
0.519039 5332.87
0.525049 5298.64
0.531129 5143.53
0.537279 5404.54
0.543501 5597.03
0.549794 5498.65
0.55616 5539.38
0.5626 5581.63
0.569115 5635.88
0.575705 5558.55
0.582371 5620.3
0.589115 5635.88
0.595937 5763.16
0.602837 5163.68
0.609818 5622.93
0.616879 5684.1
0.624022 5711.63
0.631248 5503.78
0.638557 5538.08
0.645952 5661.89
0.653431 5793.76
0.660998 5773.79
0.668652 5825.88
0.676394 5847.37
0.684227 5807.12
0.69215 5833.95
0.700164 5915.08
0.708272 5949.26
0.716473 5983.57
0.72477 6025.07
0.733162 5920.53
0.741652 5956.1
0.75024 6137.09
0.758927 6228.18
0.767715 6426.3
0.776605 6466.39
0.785597 6382.06
0.794694 6476.83
0.803896 6526.21
0.813205 6399.74
0.822621 6687.45
0.832147 6760.22
0.841783 6655.21
0.85153 6740.03
0.86139 6838.51
0.871365 6705.98
0.881455 6920.88
0.891661 7403.92
0.901986 7393.7
0.912431 7572.9
0.922996 7062.55
0.933684 7632.4
0.944496 7141.05
0.955433 7267.12
0.966496 7083.72
0.977681 7465.59
0.989002 7810.25
1.00045 7830.03
1.01204 8108.97
1.02376 8202.74
1.03562 8278.7
1.04761 8336.05
1.05974 8393.85
1.07201 8500.79
1.08443 8491.1
1.09698 8688.81
1.10969 8747.08
1.12254 8708.9
1.13553 8708.85
1.14868 8842.21
1.16198 8911.7
1.17544 8967.31
1.18905 8911.72
1.20282 9014.93
1.21675 9106.75
1.23084 9161.44
1.24509 9203.69
1.25951 9246.21
1.27409 9235.55
1.28884 9161.37
1.30377 9385.61
1.31886 9461.51
1.33414 9571.15
1.34958 9659.62
1.36521 9749.02
1.38102 9794.06
1.39701 9771.5
1.41319 9999.11
1.42955 10068.4
1.44611 10138.2
1.46285 10045.3
1.47979 10302.9
1.49692 10161.6
1.51426 10555.1
1.53179 11090.8
1.54953 11154.8
1.56747 11440.9
1.58562 11776.1
1.60398 11587.8
1.62256 12294.3
1.64135 12308.5
1.66035 12133.9
1.67958 12297.1
1.69903 12876.6
1.7187 12841.1
1.7386 13179.7
1.75873 13122.2
1.7791 13225.3
1.7997 13179.6
1.82054 12879.7
1.84162 12956.9
1.86294 13234.3
1.88452 12847
1.90634 13107
1.92841 13234.3
1.95074 13329.1
1.97333 13206.9
1.99618 13122
2.0193 13455.5
2.04268 13548.9
2.06633 13674.2
2.09026 13784.8
2.11446 13975.3
2.13895 14137.1
2.16371 14261.3
2.18877 14459.7
2.21411 14456.4
2.23975 14523.1
2.26569 14882
2.29192 14748.9
2.31846 15116.8
2.34531 15288.4
2.37247 14800
2.39994 14738.8
2.42773 14933.5
2.45584 15120.3
2.48428 15270.8
2.51304 15019.7
2.54214 15183.1
2.57158 15415.6
2.60136 15818.4
2.63148 16190.5
2.66195 16499.2
2.69277 16782.7
2.72396 17086.9
2.7555 17436.6
2.7874 17814
2.81968 18099.3
2.85233 18414.5
2.88536 18709.5
2.91877 19017.9
2.95257 19295.7
2.98676 19595.7
3.02134 19877.5
3.05633 20158.6
3.09172 20439.1
3.12752 20718.6
3.16373 20992.3
3.20037 21279.6
3.23743 21540.8
3.27492 21810.3
3.31284 22057.8
3.3512 22277.3
3.39 22488.5
3.42926 22717.5
3.46897 22927.7
3.50913 23129.2
3.54977 23321.8
3.59087 23505
3.63245 23684.3
3.67451 23859.4
3.71706 24035.9
3.76011 24197
3.80365 24359.1
3.84769 24511
3.89224 24686.6
3.93731 24857.7
3.98291 25018.6
4.02902 25186.1
4.07568 25331.6
4.12287 25512.9
4.17061 25683.9
4.21891 25867.9
4.26776 26035.3
4.31718 26227.8
4.36717 26427.8
4.41774 26513.1
4.46889 26678.5
4.52064 26844.9
4.57299 27055.9
4.62594 27306.2
4.67951 27584.3
4.73369 27871.5
4.78851 28187.9
4.84395 28507.6
4.90004 28831.1
4.95678 29191.8
5.01418 29353.6
5.07224 29353.7
5.13098 29353.6
5.19039 29346.8
5.25049 29686.6
5.31129 30085.8
5.37279 30490.3
5.43501 30893.1
5.49794 31286.9
5.5616 31663.7
5.626 32045.1
5.69115 32401.2
5.75705 32746.3
5.82371 33064.5
5.89115 33362.6
5.95937 33632.7
6.02837 33842.5
6.09818 34139.9
6.16879 34583
6.24022 35372.1
6.31248 35732.3
6.38557 35543.5
6.45952 35274.7
6.53431 34991.6
6.60998 34654.5
6.68652 34257.9
6.76394 33787.9
6.84227 33509.1
6.9215 33255.5
7.00164 32935.4
7.08272 32633.5
7.16473 32259.6
7.2477 31890.6
7.33162 31598.2
7.41652 31308.5
7.5024 31380.6
7.58927 31453
7.67715 31236.5
7.76605 30879
7.85597 30106.4
7.94694 29218.8
8.03896 28058.3
8.13205 26838.7
8.22621 25513
8.32147 24230.5
8.41783 23023
8.5153 21981.7
8.6139 21060.1
8.71365 20219
8.81455 19442.9
8.91662 18675.1
9.01986 17920.9
9.12431 17497
9.22996 17185.4
9.33684 16941.9
9.44496 16794.4
9.55432 16732.7
9.66496 16736.4
9.77687 16802
9.89008 16926.4
10 17122.4
10.1158 17376.4
10.2329 17679.1
10.3514 18028.6
10.4713 18418.9
10.5925 18852.1
10.7152 19313.4
10.8393 19809
10.9648 20429.7
11.0917 21128
11.2202 21870.8
11.3501 23007
11.4815 23870.4
11.6145 24370.4
11.749 24652.6
11.885 25053.1
12.0226 25754.9
12.1619 26660.2
12.3027 27660.7
12.4451 28566.6
12.5893 29570.9
12.735 30680.4
12.8825 31758.5
13.0317 32423.8
13.1826 32349.2
13.3352 32052.4
13.4896 32126.3
13.6458 32274.6
13.8038 32423.6
13.9637 32648.4
14.1254 32799.2
14.2889 33178.8
14.4544 33563.1
14.6218 33873.7
14.7911 34108.4
14.9624 34266
15.1356 34344.8
15.3109 34108.6
15.4882 33795.7
15.6675 33563.1
15.8489 33178.9
16.0325 32573.2
16.2181 32126.4
16.4059 31831.9
16.5959 31612.7
16.788 31467.3
16.9824 31322.8
17.1791 31251
17.378 31179.1
17.5792 31107.3
17.7828 31107.5
17.9887 31107.3
18.197 31251
18.4077 31467.6
18.6209 31758.7
18.8365 32126.4
19.0546 32498.4
19.2752 32874.8
19.4984 33255.3
19.7242 33718.1
19.9526 34187.2
20.1837 34742.8
20.4174 36046.3
20.6538 39252.1
20.893 41196.6
21.1349 42742.8
21.3796 44448.8
21.6272 46117.2
21.8776 47409.2
22.1309 48737.3
22.3872 50218.3
22.6464 51744.3
22.9087 53562.6
23.1739 54558.3
23.4423 55444.8
23.7137 56345.9
23.9883 57261.3
24.2661 58057.6
24.5471 59001.4
24.8313 59822.1
25.1189 60654.6
25.4097 61639.9
25.704 62497.5
26.0016 63366.9
26.3027 64100.7
26.6072 64842.8
26.9153 65744.9
27.227 66506
27.5423 67276.2
27.8612 68054.9
28.1838 69161.1
28.5102 70284.8
28.8403 71427
29.1743 72587.7
29.5121 73597.6
29.8538 74449.4
30.1995 75138.2
30.5492 75833.5
30.903 76535.6
31.2608 77243.6
31.6228 77958.1
31.989 78679.5
32.3594 79407.7
32.7341 80327.2
33.1131 81257.2
33.4965 82198.1
33.8844 83149.9
34.2768 84306.9
34.6737 86071.6
35.0752 87672.2
35.4813 89508
35.8922 90544.5
36.3078 91593
36.7282 92227.8
37.1535 93081.4
37.5837 93942.3
38.0189 94593.7
38.4592 95030.4
38.9045 95468.9
39.355 96130.1
39.8107 96574.4
40.2717 97244.5
40.738 97692.2
41.2098 98143.6
41.6869 98823.4
42.1696 99279.9
42.658 99738.7
43.1519 100199
43.6516 100430
44.157 100893
44.6684 101359
45.1856 101592
45.7088 102061
46.2381 102533
46.7735 102769
47.3151 103243
47.863 103481
48.4172 103959
48.9779 104439
49.545 104680
50.1187 104921
50.6991 105163
51.2861 105405
51.88 105647
52.4808 105892
53.0884 106135
53.7032 106381
54.325 106625
54.9541 106871
55.5904 107365
56.2341 107364
56.8853 107117
57.544 106871
58.2103 106626
58.8844 106381
59.5662 106136
60.256 105891
60.9537 105162
61.6595 103960
62.3735 102769
63.0957 101827
63.8263 100893
64.5654 99967.9
65.3131 99051.2
66.0694 98144.1
66.8344 97244.7
67.6083 96352.6
68.3912 95469.3
69.1831 94593.4
69.9842 93510.8
70.7946 92653.8
71.6143 91592.5
72.4436 90335.7
73.2825 88891.7
74.131 87671.8
74.9894 86468.8
75.8578 85283.1
76.7361 84112
77.6247 82576.4
78.5236 81070.1
79.4328 79590.9
80.3526 77958.2
81.283 76535.1
82.2243 75138.4
83.1764 73766.8
84.1395 72420.5
85.1138 71427
86.0994 70446.7
87.0964 69480.3
88.1049 68685
89.1251 67898.7
90.1571 67121.6
91.2011 66353.2
92.2572 65593.6
93.3254 64842.9
94.4061 63953.1
95.4993 63220.9
96.6051 62497.3
97.7237 61782
98.8553 61074.8
100 60098.2
101.158 58730.1
102.329 57129.5
103.514 55572.6
104.713 54058.4
105.925 52584.8
107.152 50916.8
108.393 49188.4
109.648 47958.2
110.918 46758.7
112.202 45589.1
113.501 44551.4
114.815 43436.9
116.145 42350.8
117.49 41482.2
118.85 40538
120.226 39614.9
121.619 38802.8
123.027 37919.6
124.451 37141.5
125.893 36296.2
127.35 34503.2
128.825 32274.7
130.317 30051.2
131.826 29098
133.352 28435.4
134.896 27852.4
136.458 27281
138.038 26660.1
139.637 25993.4
141.254 25343.4
142.889 24652.4
144.544 23980.6
146.218 23327.2
147.911 22744
149.624 22124
151.356 21128.2
153.109 20317
154.882 19627.3
156.675 18960.8
158.489 18317.4
160.325 17695.6
162.181 16938
164.059 16476.3
165.959 16101.3
167.88 15698.6
169.824 15305.9
171.791 14923.2
173.78 14516.5
175.792 14120.9
177.828 13736.1
179.887 13361.7
181.97 12997.5
184.077 12441.2
186.209 12102.2
188.365 11799.4
190.546 11530.8
192.753 11242.4
194.984 10961.3
197.242 10589.1
199.526 10182.7
201.837 9791.78
204.174 9244.04
206.538 8469.57
208.93 7777.88
211.349 7548.5
213.796 7410.73
216.272 7159.17
218.776 6900.2
221.309 6635.29
223.872 6395.31
226.464 6149.81
229.087 5752.58
231.739 5493.63
234.423 5282.77
237.137 5079.97
239.883 4896.23
242.661 4708.28
245.471 4569.44
248.313 4455.16
251.189 4264.44
254.097 4063.14
257.04 3862.46
260.016 3688.59
263.027 3579.82
266.072 3482.27
269.154 3356.3
272.27 3227.43
275.423 3103.58
278.612 2984.41
281.838 2876.47
285.102 2753.35
288.403 2635.49
291.743 2528.5
295.121 2442.65
298.538 2354.3
301.995 2274.37
305.492 2192.11
309.03 2122.57
312.608 1980.9
316.228 1896.1
319.89 1827.52
323.594 1765.48
327.341 1701.61
331.131 1640.07
334.966 1584.39
338.844 1516.57
342.768 1425.15
346.737 1333.1
350.752 1249.86
354.813 1116.51
358.922 1063.81
363.078 1032.43
367.282 1004.3
371.535 974.677
375.837 948.113
380.189 922.274
384.592 895.08
389.045 856.767
393.55 816.325
398.107 777.79
402.717 741.072
407.38 706.095
412.098 671.221
416.869 639.535
421.696 609.342
426.58 581.911
431.519 554.442
436.516 525.967
441.57 498.837
446.684 472.998
451.856 448.5
457.088 425.364
462.381 413.2
467.735 409.79
473.151 396.608
478.63 377.799
484.172 359.138
489.779 341.398
495.45 324.535
501.187 308.504
506.991 293.266
512.861 278.715
518.8 264.949
524.808 251.862
530.884 239.421
537.032 227.595
543.25 216.352
549.541 205.665
555.904 195.506
562.341 185.85
568.853 176.669
575.44 167.943
582.103 159.647
588.844 151.762
595.662 144.298
602.56 137.172
609.537 130.396
616.595 123.955
623.735 117.832
630.957 112.011
638.264 106.478
645.654 101.219
653.131 96.2199
660.693 91.4875
668.344 86.9689
676.083 82.6714
683.912 78.589
691.831 74.7067
699.842 71.0333
707.946 67.5245
716.143 64.189
724.436 61.0184
732.824 58.0179
741.31 55.152
749.894 52.4277
758.578 49.838
767.361 47.3872
776.247 45.0465
785.236 42.8214
794.328 40.7157
803.526 38.7044
812.831 36.7927
822.243 34.9785
831.764 33.257
841.395 31.6155
851.138 30.0595
860.994 28.576
870.964 27.1646
881.049 25.8276
891.251 24.5529
901.571 23.3401
912.011 22.1913
922.571 21.1117
933.254 20.0724
944.061 19.0793
954.993 18.1369
966.051 17.2409
977.237 16.3894
988.553 15.5798
1000 14.8102
1011.58 14.0787
1023.29 13.3833
1035.14 12.7222
1047.13 12.0937
1059.25 11.4963
1071.52 10.9285
1083.93 10.3887
1096.48 9.87558
1109.18 9.38779
1122.02 8.92406
1135.01 8.48322
1148.15 8.06418
1151.44 7.15342
1609.97 1.93166
2251.08 1.31943
3147.5 1.26332
4400.89 0.93772
6153.4 0.757951
8603.79 0.65741
