0.1005 17.7359
0.1015 14.835
0.1025 6.70832
0.1035 10.2003
0.1045 23.0997
0.1055 27.3943
0.1065 23.5306
0.1075 27.9774
0.1085 22.6075
0.1095 29.1543
0.1105 47.1729
0.1115 55.0603
0.1125 59.8276
0.1135 68.3097
0.1145 61.8088
0.1155 71.9689
0.1165 79.575
0.1175 68.7926
0.1185 62.3577
0.1195 15.5377
0.1205 17.0241
0.1215 6.38939
0.1225 15.5651
0.1235 60.4267
0.1245 102.741
0.1255 107.678
0.1265 64.1428
0.1275 163.2
0.1285 203.935
0.1295 173.885
0.1305 129.249
0.1315 204.755
0.1325 221.319
0.1335 181.815
0.1345 254.469
0.1355 244.839
0.1365 212.064
0.1375 250.465
0.1385 254.702
0.1395 266.36
0.1405 265.723
0.1415 243.799
0.1425 270.549
0.1435 246.793
0.1442 279.253
0.1447 309.017
0.1455 297.034
0.1465 267.065
0.1475 257.118
0.1485 283.388
0.1495 307.231
0.1505 305.721
0.1512 264.093
0.1517 297.849
0.1525 255.683
0.1535 220.18
0.1545 305.823
0.1555 268.191
0.1565 248.207
0.1575 276.305
0.1585 308.658
0.1595 332.007
0.1605 310.149
0.1615 308.987
0.1625 275.337
0.1635 298.682
0.1645 317.822
0.1655 261.905
0.1665 314.896
0.1672 216.173
0.1677 323.768
0.1685 365.246
0.1695 330.73
0.1705 310.636
0.1715 305.947
0.1725 304.362
0.1735 336.6
0.1745 331
0.1755 379.44
0.1765 309.759
0.1775 355.371
0.1785 350.967
0.1795 406.603
0.1805 385.532
0.1815 376.282
0.1825 365.19
0.1835 345.066
0.1845 311.069
0.1855 334.473
0.1865 350.187
0.1875 368.595
0.1885 356.57
0.1895 363.48
0.1905 352.122
0.1915 365.049
0.1925 364.942
0.1935 339.999
0.1945 384.731
0.1955 376.965
0.1967 413.623
0.1976 414.343
0.1984 399.705
0.1995 385.374
0.2005 380.527
0.2015 362.621
0.2025 369.362
0.2035 378.492
0.2045 405.581
0.2055 383.788
0.2065 376.443
0.2074 415.308
0.2078 436.6
0.2085 440.688
0.2095 417.393
0.2105 397.232
0.2115 404.354
0.2125 412.263
0.2135 349.696
0.2145 400.296
0.2155 411.698
0.2165 381.244
0.2175 378.152
0.2185 390.779
0.2195 418.042
0.2205 396.047
0.2215 353.459
0.2225 346.524
0.2235 407.901
0.2245 370.688
0.2255 341.373
0.2265 349.598
0.2275 375.957
0.2285 408.11
0.2295 377.741
0.2305 383.243
0.2315 356.105
0.2325 256.282
0.2335 306.938
0.2345 270.991
0.2355 351.26
0.2365 277.093
0.2375 312.113
0.2385 252.006
0.2395 294.046
0.2405 280.606
0.2415 300.204
0.2425 364.153
0.2435 351.312
0.2445 391.779
0.2455 388.165
0.2465 380.382
0.2475 356.306
0.2485 356.622
0.2495 349.794
0.2505 429.066
0.2513 327.534
0.2518 322.045
0.2525 304.197
0.2535 326.513
0.2545 330.107
0.2555 404.331
0.2565 370.514
0.2575 421.764
0.2585 409.438
0.2595 391.489
0.2605 366.398
0.2615 353.587
0.2625 412.939
0.2635 476.585
0.2645 584.214
0.2655 655.352
0.2665 511.267
0.2675 565.112
0.2685 584.629
0.2695 516.928
0.2705 573.901
0.2715 495.786
0.2725 478.717
0.2735 539.566
0.2745 387.904
0.2755 429.163
0.2765 481.602
0.2775 525.602
0.2785 433.062
0.2795 255.198
0.2805 299.905
0.2815 516.305
0.2825 620.133
0.2835 599.112
0.2845 544.015
0.2855 471.409
0.2865 630.813
0.2875 683.307
0.2885 663.968
0.2895 694.516
0.291 859.16
0.293 790.523
0.295 768.882
0.297 809.702
0.299 826.092
0.301 852.387
0.303 871.461
0.305 890.393
0.307 934.428
0.309 950.206
0.311 1002.42
0.313 973.414
0.315 989.843
0.317 1034.68
0.319 939.937
0.321 1021.12
0.323 919.752
0.325 1115.73
0.327 1236.44
0.329 1226.8
0.331 1207.73
0.333 1224.31
0.335 1205.98
0.337 1051.69
0.339 1122.33
0.341 1146.53
0.343 1173.58
0.345 1221.54
0.347 1243.13
0.349 1333
0.351 1400.57
0.353 1316.29
0.355 1454.89
0.357 1163.5
0.359 1177.9
0.361 1347.39
0.363 1406.71
0.364 1438.5
0.365 1598.9
0.367 1643.47
0.369 1494.26
0.371 1632.95
0.373 1334.98
0.375 1587.83
0.377 1857.74
0.379 2074.96
0.381 2186.82
0.383 1546.95
0.385 2113.18
0.387 2273.85
0.389 1906.03
0.391 2655.73
0.393 1733.88
0.395 2384.18
0.397 1496.97
0.399 3039.61
0.401 3393.03
0.403 3405.74
0.405 3329.49
0.407 3179.98
0.409 3322.46
0.411 2943.39
0.413 3380.86
0.415 3459.42
0.417 3484.81
0.419 3470.86
0.421 3515.31
0.423 3389.01
0.425 3563.51
0.427 3403.21
0.429 3305.52
0.431 2976.97
0.433 3426.89
0.435 3274.44
0.437 3988.52
0.439 3714.56
0.441 3854.43
0.443 4018.57
0.445 4084.79
0.447 4297.87
0.449 4360.92
0.451 4878.6
0.453 4365.03
0.455 4511.16
0.457 4854.25
0.459 4625.99
0.461 4748.99
0.463 4627.6
0.465 4718.87
0.467 4901.91
0.469 4810.11
0.471 4658.3
0.473 4872.61
0.475 5015.72
0.477 4975.3
0.479 4994.49
0.481 4971.76
0.483 5101.83
0.485 4614.22
0.487 4107.13
0.489 4924.91
0.491 4991.26
0.493 4915.39
0.495 5149.24
0.497 5074.82
0.499 4752.64
0.501 4513.28
0.503 4797.74
0.505 4788.66
0.507 5007.28
0.509 4760.96
0.511 4893.63
0.513 4728.65
0.515 4580.17
0.517 4277.26
0.519 4414.98
0.521 4746.11
0.523 5063.24
0.525 5289.32
0.527 4699.76
0.529 5373.85
0.531 5688.44
0.533 5039.32
0.535 5528.05
0.537 5513.22
0.539 5396.58
0.541 5324.22
0.543 5434.72
0.545 5608.59
0.547 5488.11
0.549 5519.65
0.551 5480.25
0.553 5677.49
0.555 5775.33
0.557 5677.72
0.559 5553.97
0.561 5775.21
0.563 5735
0.565 5832.16
0.567 5704.59
0.569 5911.11
0.571 5732.9
0.573 6238.19
0.575 5989.43
0.577 6080.71
0.579 5849.52
0.581 6118.74
0.583 6322.69
0.585 6132.38
0.587 6143.13
0.589 5416.87
0.591 6067.62
0.593 6139.74
0.595 6156.35
0.597 6281.04
0.599 6176.83
0.601 6107.36
0.603 6300.08
0.605 6430.61
0.607 6434.87
0.609 6201.45
0.611 6238.86
0.613 5904.62
0.615 6076.06
0.617 5790.5
0.619 6191.11
0.621 6148.33
0.623 5959.7
0.625 5771.91
0.627 6083.18
0.629 6223.15
0.631 6051.62
0.633 6156.84
0.635 6147.52
0.637 6133.58
0.639 6308.73
0.641 6194.44
0.643 6269.79
0.645 6235.35
0.647 6243.4
0.649 6129.26
0.651 6363.68
0.653 6344.53
0.655 6133.43
0.657 5710.26
0.659 6292.61
0.661 6410.75
0.663 6360.83
0.665 6382.34
0.667 6245.8
0.669 6360.11
0.671 6119.57
0.673 6309.02
0.675 6210.15
0.677 6261.57
0.679 6190.16
0.681 6246.36
0.683 6338.5
0.685 6180.39
0.687 6310.97
0.689 6420.58
0.691 6412.74
0.693 6373.33
0.695 6386.89
0.697 6485.42
0.699 6467.5
0.701 6368.74
0.703 6533.91
0.705 6589.35
0.707 6403.53
0.709 6214.11
0.711 6063.14
0.713 5953.48
0.715 5952.73
0.717 6039.36
0.719 5903.35
0.721 6075.56
0.723 6220.9
0.725 6283.6
0.727 6338.93
0.729 6247.12
0.731 6455.33
0.733 6493.42
0.735 6575.18
0.737 6767.72
0.739 6639.28
0.741 6654.68
0.743 6833.17
0.745 6851.56
0.747 6981.91
0.749 6979.71
0.751 7084.72
0.753 7229.54
0.755 7298.74
0.757 7283.78
0.759 7144.32
0.761 7030.53
0.763 6902.77
0.765 6774.24
0.767 6449.8
0.769 6635.45
0.771 6531.8
0.773 6551.44
0.775 6522.49
0.777 6623.26
0.779 6713.6
0.781 6703.62
0.783 6666.21
0.785 6582.02
0.787 6722.22
0.789 6623.82
0.791 6483.47
0.793 6521.99
0.795 6477.47
0.797 6729.87
0.799 6752.32
0.801 6833.41
0.803 6872.87
0.805 6892.78
0.807 6997.1
0.809 6938.32
0.811 7034.61
0.813 7272.95
0.815 7378.89
0.817 7482.41
0.819 7258.12
0.821 7178.58
0.823 7247.68
0.825 7259.55
0.827 7363.6
0.829 7294.75
0.831 7028.54
0.833 7004.81
0.835 7021.62
0.837 7093.86
0.839 6859.37
0.841 7113.12
0.843 6771.63
0.845 6622.79
0.847 6644.36
0.849 6701.47
0.851 6394
0.853 6706.29
0.855 6069.48
0.857 7003.54
0.859 6891.16
0.861 6994.23
0.863 7208.97
0.865 7198.55
0.867 6363.15
0.869 7077.39
0.871 7397.2
0.873 7462.87
0.875 7318.36
0.877 7570.41
0.879 7710.22
0.881 7574.24
0.883 7674.52
0.885 7642.56
0.887 7282.71
0.889 7512.9
0.891 7654.01
0.893 7509.35
0.895 7563.61
0.897 7605.5
0.899 7622.46
0.901 7312.89
0.903 7668.97
0.905 8013.97
0.907 8034.83
0.909 7887.83
0.911 8022.65
0.913 8218.44
0.915 8169.48
0.917 8180.96
0.919 8301.28
0.921 7927.77
0.923 7620.1
0.925 7694.64
0.927 7801.74
0.929 7721.44
0.931 7799.71
0.933 7832.73
0.935 7820.19
0.937 7699.78
0.939 7863.46
0.941 7693.29
0.943 7949.53
0.945 7837.96
0.947 8069.07
0.949 8105.95
0.951 7944.06
0.953 7987.34
0.955 7764.48
0.957 7964.17
0.959 8181.32
0.961 8081.17
0.963 8144.99
0.965 8017.3
0.967 8033.91
0.969 8199.12
0.971 8077.29
0.973 8012.56
0.975 7995.04
0.977 8059.11
0.979 7959.61
0.981 8194.67
0.983 8112.04
0.985 8204.06
0.987 8162.23
0.989 8171.88
0.991 8112.44
0.993 8191.09
0.995 8231.86
0.997 8255.37
0.999 8240.58
1.003 8245.62
1.007 8155.66
1.013 8363.13
1.017 8300.46
1.022 8384
1.028 8469.06
1.032 8401.31
1.038 8392.27
1.043 8476.3
1.048 8378.17
1.052 8318.49
1.058 8185.26
1.063 8142.45
1.068 8098.87
1.072 8196.46
1.078 8197.24
1.082 8099.45
1.087 8114.14
1.092 8090.6
1.098 8058.52
1.102 8053.31
1.108 7954.3
1.113 7974.67
1.117 7948.83
1.122 7988.33
1.128 7924.89
1.133 7956.1
1.138 7939.63
1.143 7890.88
1.147 8034.4
1.153 8048.3
1.157 7979.47
1.162 7892.47
1.167 7918.28
1.173 7995.78
1.177 7826.17
1.183 7779.49
1.187 7661
1.192 7822.05
1.198 7594.23
1.203 7789.42
1.207 7748.02
1.212 7797
1.218 7856.84
1.223 7837.94
1.227 7807.99
1.232 7775.41
1.237 7794.04
1.243 7706.24
1.248 7711.13
1.253 7667.8
1.258 7667.7
1.262 7652.49
1.267 7607.74
1.272 7642.19
1.278 7673.79
1.283 7399.78
1.288 7594.7
1.292 7532.72
1.298 7653.67
1.302 7568.34
1.308 7635.15
1.313 7485.87
1.318 7496.01
1.323 7524.44
1.328 7414.04
1.332 7445.65
1.338 7390.59
1.343 7441.62
1.347 7393.37
1.352 7368.98
1.357 7278.03
1.363 7281.69
1.367 7336.42
1.373 7382.98
1.377 7385.29
1.382 7416.92
1.388 7376.57
1.393 7063.32
1.397 7039.79
1.402 6981.93
1.408 7070.68
1.412 6992.35
1.418 7101.13
1.423 7041.89
1.428 6952.15
1.433 7106.35
1.438 7181.26
1.442 7015.29
1.448 7180.73
1.452 7134.78
1.457 7205.04
1.462 7061.66
1.467 7050.04
1.472 7002.23
1.477 7072.35
1.483 7137.26
1.488 7083.52
1.492 7300.16
1.498 7256.43
1.503 7170.66
1.507 7210.75
1.512 7371.67
1.517 7422.48
1.522 7441.64
1.528 7529.56
1.533 7527.46
1.537 7536.4
1.543 7506.68
1.548 7547.18
1.552 7496.41
1.557 7298.08
1.562 7403.19
1.567 7377.73
1.572 7582.05
1.578 7132.56
1.583 7177.24
1.587 7162.19
1.593 7428
1.598 7317.66
1.605 7366.52
1.615 7530.62
1.625 7373.37
1.635 7646.68
1.645 7366.69
1.655 7619.12
1.665 7485.31
1.675 7512.74
1.685 7428.44
1.695 7525.7
1.705 7427.51
1.715 7369.49
1.725 7262.16
1.735 7080.57
1.745 7060.57
1.755 6966.49
1.765 6877.06
1.775 6724.3
1.785 6662.73
1.795 6524.93
1.805 6385.21
1.815 6302.99
1.825 6256.99
1.835 6205.62
1.845 6091.64
1.855 6062.64
1.865 5926.39
1.875 5816.44
1.885 5850.78
1.895 5675.16
1.905 5792.8
1.915 5721.14
1.925 5691.36
1.935 5571.95
1.945 5464.57
1.955 5487.94
1.965 5420.22
1.975 5304.67
1.985 5282.48
1.995 5253.51
2.005 5260.4
2.015 5221.51
2.025 5126.92
2.035 5107.02
2.045 5132.3
2.055 5080.23
2.065 5045.41
2.075 5033.85
2.085 4995.1
2.095 4941.12
2.105 4969.29
2.115 4912
2.125 4882.12
2.135 4895.6
2.145 4858.92
2.155 4816.45
2.165 4751.46
2.175 4722.03
2.185 4705.88
2.195 4681.72
2.205 4591.03
2.215 4622.86
2.225 4539.24
2.235 4512.35
2.245 4481.09
2.255 4456.47
2.265 4383.27
2.275 4398.87
2.285 4319.77
2.295 3699.17
2.305 3942.17
2.315 3938.63
2.325 3421.21
2.335 3671.44
2.345 3551.85
2.355 3201.29
2.365 3458.36
2.375 3338.42
2.385 3061.93
2.395 3255.38
2.405 3202.28
2.415 2956.76
2.425 3082.56
2.435 3020.98
2.445 2875.27
2.455 2837.76
2.465 2877.15
2.475 2771.01
2.485 2530.55
2.495 2516.76
2.505 2571.76
2.515 2416.72
2.525 2495.33
2.535 2501.16
2.545 2459.08
2.555 2461.09
2.565 2480.04
2.575 2519.7
2.585 2434.37
2.595 2466.92
2.605 2499.92
2.615 2460.19
2.625 2431.97
2.635 2455.81
2.645 2441.98
2.655 2427.96
2.665 2384.99
2.675 2441.35
2.685 2427.89
2.695 2369.21
2.705 2394.85
2.715 2381.8
2.725 2389.52
2.735 2344.79
2.745 2357.06
2.755 2355.94
2.765 2333.52
2.775 2299.28
2.785 2318.13
2.795 2322.43
2.805 2299.34
2.815 2274.04
2.825 2279.05
2.835 2273.16
2.845 2257.25
2.855 2245.16
2.865 2240.91
2.875 2225.57
2.885 2210.07
2.895 2202.44
2.905 2196.78
2.915 2188.96
2.925 2152.51
2.935 2166.91
2.945 2144.4
2.955 2139.79
2.965 2138.4
2.975 2123.53
2.985 2110.6
2.995 2101.66
3.005 2089.48
3.015 2096.15
3.025 2076.41
3.035 2063.91
3.045 2076.75
3.055 2059.76
3.065 2057.65
3.075 2055.47
3.085 2039.22
3.095 2046.54
3.105 2048.53
3.115 2024.39
3.125 2032.72
3.135 2024.68
3.145 2020.93
3.155 2015.98
3.165 2002.19
3.175 2003.78
3.185 1999.72
3.195 1998.95
3.21 1973.58
3.23 2076.11
3.25 2241.94
3.27 2421.44
3.29 2538.6
3.31 2528.66
3.33 2383.48
3.35 2173.16
3.37 1969.98
3.39 1831.43
3.41 1884.86
3.43 1881.09
3.45 1874.75
3.47 1863.48
3.49 1855.62
3.51 1848.76
3.53 1836.79
3.55 1830.61
3.57 1820.52
3.59 1811.58
3.61 1812.49
3.63 1803.17
3.65 1793.52
3.67 1786.21
3.69 1773.83
3.71 1766.12
3.73 1764.85
3.75 1750.39
3.77 1751.32
3.79 1744.37
3.81 1745.21
3.83 1749.3
3.85 1753.19
3.87 1749.09
3.89 1755.28
3.91 1759.54
3.93 1766.07
3.95 1762.11
3.97 1769.79
3.99 1767.45
4.01 1780.78
4.03 1790.08
4.05 1791.34
4.07 1801.19
4.09 1808.75
4.11 1819.32
4.13 1827.88
4.15 1834.85
4.17 1841.81
4.19 1854.15
4.21 1859.91
4.23 1876.27
4.25 1883.51
4.27 1896.98
4.29 1870.29
4.31 1843.26
4.33 1872.34
4.35 1856.73
4.37 1869.38
4.39 1888.95
4.41 1888.18
4.43 1913.26
4.45 1936.01
4.47 1946.74
4.49 1982.05
4.51 2001.25
4.53 2020.23
4.55 2056.26
4.57 2086.16
4.59 2098.34
4.61 2139.93
4.63 2165.67
4.65 2193.34
4.67 2232.23
4.69 2258.95
4.71 2285
4.73 2326.51
4.75 2349.92
4.77 2383.76
4.79 2418.62
4.81 2443.98
4.83 2486.46
4.85 2514.16
4.87 2543.71
4.89 2576.82
4.91 2610.8
4.93 2645.32
4.95 2669.15
4.97 2694.32
4.99 2708.98
5.01 2732.23
5.03 2751.74
5.05 2767.6
5.07 2792.52
5.09 2812.23
5.11 2830.22
5.13 2853.63
5.15 2874.1
5.17 2900.03
5.19 2918.85
5.21 2941.17
5.23 2961.57
5.25 2985.34
5.27 3011.59
5.29 3028.92
5.31 3049.63
5.33 3074.3
5.35 3097.76
5.37 3120.76
5.39 3143.65
5.41 3166.64
5.43 3188.18
5.45 3215.49
5.47 3235.87
5.49 3263
5.51 3285.07
5.53 3316.84
5.55 3334.84
5.57 3363.93
5.59 3385.76
5.61 3413.12
5.63 3435.68
5.65 3466
5.67 3492.9
5.69 3516.52
5.71 3547.78
5.73 3576.98
5.75 3604.3
5.77 3631.52
5.79 3661.66
5.81 3687.87
5.83 3716.62
5.85 3745.28
5.87 3771.98
5.89 3801.25
5.91 3832.29
5.93 3862.62
5.95 3890.57
5.97 3921.75
5.99 3951.38
6.01 3981.12
6.03 4010.97
6.05 4353.69
6.07 4672.87
6.09 5017.13
6.11 5388.84
6.13 6422.65
6.15 8405.08
6.17 11044.2
6.19 14553.1
6.21 13957.5
6.23 13359.7
6.25 12790.2
6.27 11846.2
6.29 10464.8
6.31 9254.06
6.33 8194.75
6.35 7515.8
6.37 6964.89
6.39 6456.14
6.42 5869.02
6.46 5343.54
6.5 4974
6.54 4750.11
6.58 4757.34
6.62 4931.46
6.66 4988.53
6.7 4988.1
6.74 4956.72
6.78 4916.46
6.82 4888.33
6.86 4863.21
6.9 5039.42
6.94 5259.71
6.98 5573.72
7.02 5920.55
7.06 6153.43
7.1 6370.81
7.14 6443.85
7.18 6483.86
7.22 6876.6
7.26 7413.98
7.3 8227.1
7.34 9254.42
7.38 10360.3
7.42 11555.7
7.46 13113
7.5 15201.6
7.54 17292.3
7.58 18784.5
7.62 20068.2
7.66 18817.6
7.7 17651.2
7.74 17806.9
7.78 18097.1
7.82 17641.3
7.86 16861.4
7.9 15667.9
7.94 14007.9
7.98 12559.6
8.02 11415.8
8.06 10382.7
8.1 9728.18
8.14 9172.31
8.18 8844.46
8.22 8723.23
8.26 8623.19
8.3 8647.94
8.34 8672.77
8.38 8746.62
8.42 8838.31
8.46 9072.42
8.5 9618.34
8.54 10195.7
8.58 10258.5
8.62 10249.6
8.66 9670.62
8.7 8400.37
8.74 7304.45
8.78 6254.07
8.82 5352.46
8.86 4731.91
8.9 4409.53
8.94 4111.16
8.98 3850.37
9.02 3611.27
9.06 3385.44
9.1 3165.17
9.14 2960.96
9.18 2898.81
9.22 2923.71
9.26 2948.79
9.3 2909.03
9.34 2866.87
9.38 2819.87
9.42 2758.7
9.46 2699.52
9.5 2651.22
9.54 2611
9.58 2571.65
9.62 2528.81
9.66 2486.03
9.7 2442.22
9.74 2350.25
9.78 2262.33
9.82 2206.5
9.82819 2214.54
9.86 2246.02
9.9 2286.12
9.94 2334.93
9.95808 2362.97
9.98 2397.42
10 2429.26
10.0897 2516.1
10.223 2594.76
10.3581 2826.67
10.495 3675.59
10.6337 3722.68
10.7743 3753.99
10.9167 4135.56
11 5392.24
11.0609 6011.19
11.2071 9952.24
11.3552 11710.5
11.5053 8426.85
11.6574 7463.44
11.8114 8066.43
11.9675 8796.99
12 8991.62
12.1257 9438.32
12.2859 9095.21
12.4483 9547.97
12.6128 10726.6
12.7795 13372.3
12.9484 8008.43
13 7859.25
13.1195 7633.84
13.2929 7792.58
13.4686 7977.26
13.6466 7856.72
13.8269 7553.15
14 7902.3
14.0097 7931.27
14.1948 8442.47
14.3824 8139.26
14.5725 8104.87
14.7651 8040.45
14.9602 8203.2
15 8211.54
15.1579 8271.59
15.3583 9006.51
15.5613 20549.9
15.7669 9682.31
15.9753 9718.13
16 9709.06
16.1864 9755.4
16.4003 9971.71
16.6171 9919.56
16.8367 10216.6
17 10573.5
17.0592 10705.2
17.2847 10314.8
17.5131 10581.1
17.7445 10622.9
17.9791 10742.4
18 10767.1
18.2167 10749.3
18.4574 10992.7
18.7014 29882.8
18.9485 12423.5
19 12443.5
19.1989 12571.8
19.4527 12868.4
19.7097 13364.2
19.9702 13971.1
20 14024.8
20.2342 14615.2
20.5016 15628.9
20.7725 15612.2
21 15749.5
21.047 15784.5
21.3252 16047
21.607 16369.7
21.8926 17085.6
22 17448.6
22.1819 17793.9
22.4751 17813.8
22.7721 18777.6
23 18851.1
23.0731 18941.7
23.378 19455.3
23.687 20056.8
24 20435.6
25 21383.4
26 23087.1
27 24142.2
28 26136.5
30 28812
32 32205.4
34 33308.9
36 34779.4
38 35793.6
40 34972
42 33980.9
44 33274.9
46 32536
48 32047.1
50 31711.2
52 31403.1
54 31073.3
56 30851.7
58 30866.6
60 30690.7
62 30139.6
64 29315.3
66 28701
68 28261.9
70 27870.9
80 26420.7
90 22610.7
100 19142.3
110 16138.8
120 13548
130 11587.1
140 9584.89
150 8125.22
159.9 6774.93
300 864.054
800 42.5359
1200 12.2498
1272 10.2433
1447 6.8955
1646 4.20932
1873 2.69832
2131 1.83827
2425 1.33923
2759 1.03857
3139 0.850004
3572 0.72453
4064 0.635415
4624 0.568003
5261 0.514138
5986 0.469271
6046 0.460466
