0.196787 135.498
0.199066 119.932
0.201371 104.216
0.203703 108.626
0.206061 99.9845
0.208447 91.1868
0.210861 95.7045
0.213303 93.5263
0.215773 96.5904
0.218271 105.665
0.220799 115.063
0.223355 135.186
0.225942 153.438
0.228558 161.783
0.231205 184.049
0.233882 195.404
0.23659 242.065
0.23933 279.212
0.242101 298.494
0.244904 331.845
0.24774 351.506
0.250609 415.846
0.253511 439.474
0.256446 470.904
0.259416 571.392
0.26242 580.675
0.265458 576.676
0.268532 571.39
0.271642 642.588
0.274787 680.664
0.277969 702.964
0.281188 760.211
0.284444 880.915
0.287738 876.867
0.291069 916.079
0.29444 916.082
0.297849 972.599
0.301298 1023.14
0.304787 1063.98
0.308316 1116.69
0.311886 1202.08
0.315498 1204.85
0.319151 1342.56
0.322847 1370.67
0.326585 1396.15
0.330367 1412.32
0.334192 1482.29
0.338062 1468.7
0.341977 1520.31
0.345937 1621.56
0.349942 1468.7
0.353995 1655.52
0.358094 1644.12
0.36224 1709.75
0.366435 1769.84
0.370678 1936.13
0.37497 2065.06
0.379312 2046.13
0.383704 2455.46
0.388147 2385.79
0.392642 3532.1
0.397188 3377.79
0.401788 3139.31
0.40644 3659.59
0.411146 3772.53
0.415907 3767.32
0.420723 3472.42
0.425595 3816.22
0.430523 4077.87
0.435508 4153.68
0.440551 4541.86
0.445653 4529.35
0.450813 4671.23
0.456033 4577.57
0.461314 4718.78
0.466656 4780.05
0.472059 4636.96
0.477525 4684.17
0.483055 5255.74
0.488648 7809.67
0.494307 5040.05
0.500031 5036.56
0.505821 4743.88
0.511678 5183.61
0.517603 5310.45
0.523596 5369.48
0.529659 5357.13
0.535792 5419.16
0.541997 5567.18
0.548273 5484.43
0.554621 5541.57
0.561044 5618.69
0.56754 5696.85
0.574112 5551.8
0.58076 5644.6
0.587485 5635.51
0.594287 5736.31
0.601169 5603.17
0.60813 5618.67
0.615172 5696.83
0.622295 5910.62
0.629501 5887.53
0.63679 5931.06
0.644164 6203.45
0.651623 5910.62
0.659169 5947.49
0.666801 6058.05
0.674523 6076.22
0.682333 6160.74
0.690234 6132.43
0.698227 6118.33
0.706312 6100.05
0.714491 6246.44
0.722764 6391.95
0.731133 6510.78
0.739599 6622.67
0.748163 6480.86
0.756827 6560.44
0.76559 6607.44
0.774456 6525.8
0.783423 6631.82
0.792495 6717.89
0.801672 6734.93
0.810955 6521.29
0.820345 6627.25
0.829844 6159.33
0.839453 6483.85
0.849174 6925.21
0.859007 6986.07
0.868953 7106.12
0.879015 6574.05
0.889194 7122.52
0.89949 6631.82
0.909906 6476.39
0.920442 6412.58
0.941882 6925.21
0.952789 6910.88
0.963815 7090.49
0.974974 6974.23
0.986265 7038.77
0.997685 7025.49
1.00924 6977.04
1.02093 6961.02
1.03275 6961
1.04471 6985.74
1.05681 6993.15
1.06905 7571.38
1.08143 6818.28
1.09395 6833.98
1.10661 6833.94
1.11943 6786.92
1.13239 6709.23
1.1455 6740.18
1.15877 6709.24
1.17219 6674.74
1.18576 6647.74
1.19949 6601.96
1.21338 6496.41
1.22743 6422.05
1.24164 6436.84
1.25602 6385.18
1.27056 6422.02
1.28528 6422.03
1.30016 6392.51
1.31521 6363.12
1.33044 6189.74
1.34585 6283.06
1.36143 6297.53
1.3772 6097.77
1.39315 6014.13
1.40928 6118.88
1.4256 5843.49
1.4421 5924.75
1.4588 6118.89
1.47569 6062.78
1.49278 6083.77
1.51007 6133.01
1.52755 5965.85
1.54524 6118.9
1.56314 6189.78
1.58124 5710.51
1.59955 6021.07
1.61807 6175.53
1.6368 5924.77
1.65576 6007.23
1.67493 5856.96
1.69432 5554.86
1.71394 5503.92
1.73379 5280.48
1.75387 5250.17
1.77418 5196.06
1.79472 4950.77
1.8155 4793.72
1.83652 4782.68
1.85779 4760.72
1.8793 4546.42
1.90106 4412.36
1.92308 4453.2
1.94534 4292.1
1.96787 4282.24
1.99066 4165.56
2.01371 4127.34
2.03703 4061.37
2.06061 4014.85
2.08447 3887.52
2.10861 3781.58
2.13303 3695.5
2.15773 3678.52
2.18271 3586.5
2.20799 3456.81
2.23355 3316.44
2.25942 3038.58
2.28558 2770.99
2.31205 2829.02
2.33882 2701.66
2.3659 2538.82
2.3933 2435.76
2.42101 2347.65
2.44904 2278.41
2.4774 2262.21
2.50609 2246.64
2.53511 2237.86
2.56446 2183.9
2.59416 2200.06
2.6242 2190.45
2.65458 2182.89
2.68532 2152.94
2.71642 2141.08
2.74787 2116.57
2.77969 2106.85
2.81188 2071.73
2.84444 2073.16
2.87738 2047.55
2.91069 2033.91
2.9444 2025.51
2.97849 2007.4
3.01298 2001.4
3.04787 2003.7
3.08316 2007.39
3.11886 2007.39
3.15498 2004.62
3.19151 1998.17
3.22847 1910.44
3.26585 1914.84
3.30367 1913.52
3.34192 1917.49
3.38062 1923.24
3.41977 1929.45
3.43315 1921.93
3.96454 1501.74
4.66492 1414.44
5.66348 2158.77
6.02917 2542.4
6.22078 5060.07
6.41847 3529.51
6.66401 3004.94
6.8329 4606.76
6.87579 5980.67
7.0943 3764.11
7.2741 4895.45
7.69548 8061.32
7.94004 7813.06
8.24379 4787.27
8.66694 3485.6
8.8866 2300.19
9.16901 1306.28
9.51978 887.046
9.70017 1485.72
10.1345 767.459
10.5222 1186.07
10.7889 1856.07
11.1317 3265.42
11.3426 5938.03
11.9249 3901.14
12.075 4930.6
12.381 6282.05
12.8547 9317.41
13.2632 5744.86
14.1197 5622.96
15.2206 5901
16.3051 7498.37
18.947 11012.6
24.4879 14843.9
27.9267 21319.1
34.9819 31535.5
44.9304 42773.6
51.8848 47404.4
60.2917 48087.2
70.5004 45576
77.9238 43857.6
88.866 36157.1
89.8455 35762.9
90.8859 35516.7
91.9383 35191.1
93.0029 34868.4
94.0798 34628.4
95.1692 34310.9
96.2712 33529.9
97.386 32691.3
98.5137 31800.4
99.6544 30933.7
100.808 30160
101.976 29270.8
103.156 28342
104.351 27443.1
105.559 26818.3
106.782 26208
108.018 25611.4
109.269 25028.4
110.534 24458.6
111.814 23957
113.109 23465.6
114.419 22984.5
115.743 22512.8
117.084 22051.2
118.44 21599
119.811 21204.7
121.198 20579.3
122.602 19205.8
124.021 17315.3
125.457 16727.4
126.91 16422.3
128.38 16085.5
129.866 15791.7
131.37 15503.5
132.891 15150.8
134.43 14771.7
135.987 14402.2
137.561 14009.8
139.154 13659.4
140.766 13317.8
142.396 12984.7
144.044 12572.8
145.712 12006.9
147.4 11572.7
149.106 11179.7
150.833 10800.2
152.58 10433.6
154.346 9941.04
156.134 9670.16
157.942 9450.03
159.77 9234.88
161.621 9024.72
163.492 8819.25
165.385 8598.68
167.3 8364.35
169.238 8136.44
171.197 7932.89
173.18 7716.73
175.185 7471.94
177.213 7201.64
179.265 7021.52
181.341 6861.69
183.441 6705.52
185.565 6552.88
187.714 6359.64
189.888 6129.62
192.086 5894.29
194.311 5654.99
196.561 5193.18
198.837 4714.48
201.139 4450.74
203.468 4379.59
205.824 4260.23
208.208 4106.13
210.619 3948.52
213.057 3796.93
215.524 3659.58
218.02 3478.81
220.545 3269.14
223.098 3129.19
225.682 3009.06
228.295 2900.24
230.939 2788.91
233.613 2694.21
236.318 2632.89
239.054 2543.51
241.822 2423.44
244.623 2303.74
247.455 2189.94
250.321 2110.73
253.219 2057.94
256.151 1992.65
259.117 1920.58
262.118 1846.85
265.153 1780.05
268.223 1711.72
271.329 1649.8
274.471 1575.55
277.649 1508.11
280.864 1453.56
284.117 1407.45
287.407 1359.67
290.734 1313.51
294.101 1268.91
297.507 1186.95
300.952 1136.14
304.436 1097.57
307.962 1060.31
311.528 1024.31
315.135 989.537
318.784 955.944
322.475 923.488
326.209 871.829
329.987 815.517
333.808 762.841
337.673 697.318
341.583 640.372
345.539 615.792
349.54 600.387
353.587 585.37
357.681 570.73
361.823 555.178
366.013 541.293
370.251 524.12
374.539 500.534
378.875 476.905
383.263 454.397
387.701 432.946
392.19 412.509
396.731 393.036
401.325 374.483
405.972 357.628
410.673 341.533
415.429 324.663
420.239 307.916
425.105 292.033
430.028 276.97
435.007 262.683
440.044 250.86
445.14 248.561
450.294 245.715
455.508 235.197
460.783 223.58
466.119 213.026
471.516 202.504
476.976 192.501
482.499 182.992
488.086 173.953
493.738 165.361
499.455 157.555
505.239 149.669
511.089 142.342
517.007 135.342
522.994 128.716
529.05 122.414
535.176 116.394
541.373 110.696
547.642 105.277
553.983 100.1
560.398 95.1993
566.887 90.5381
573.451 86.0859
580.091 81.8717
586.809 77.8631
593.604 74.0343
600.477 70.4095
607.43 66.9625
614.464 63.6695
621.579 60.5525
628.777 57.5881
636.058 54.7561
643.423 52.0754
650.873 49.5259
658.41 47.0904
666.034 44.7849
673.746 42.5924
681.548 40.4979
689.44 38.5152
697.424 36.6296
705.499 34.8283
713.669 33.1232
721.932 31.5016
730.292 29.9525
738.748 28.486
747.303 27.0915
755.956 25.7592
764.71 24.4981
773.564 23.2987
782.522 22.153
791.583 21.0685
800.749 20.037
810.021 19.0516
819.401 18.1189
828.889 17.2319
838.487 16.3845
848.196 15.5823
858.018 14.8194
867.953 14.0907
878.004 13.4101
888.171 12.7507
898.455 12.1208
908.859 11.5222
919.383 10.953
930.029 10.412
940.798 9.91686
951.692 9.43131
962.712 8.96545
973.86 8.5226
976.105 8.43752
1186.15 4.19577
1441.39 2.68456
1751.55 2.06418
2128.45 1.78149
2586.46 1.58934
3143.02 1.33345
3819.35 1.17704
4641.21 1.07038
5639.92 0.981944
6853.53 0.888786
8328.3 0.800219
