0.10179 12251.5
0.1038 15020.2
0.10581 11590.6
0.10785 11036.2
0.10986 10251.4
0.11187 10892.8
0.11388 10883.2
0.11589 11284.2
0.11793 13875.2
0.11994 21410.7
0.12195 40845.2
0.12396 22352
0.12597 14877.9
0.12801 12291.2
0.13002 12425.6
0.132652 11646.3
0.134573 11713.6
0.136438 11408.1
0.138302 12093.9
0.140166 14002.5
0.142087 11933.2
0.143952 11294.4
0.145816 11209.6
0.14768 11237.4
0.149545 11692.3
0.151465 12355.6
0.15333 15184.4
0.155194 20273.5
0.157059 13304.8
0.158979 11764.5
0.160844 11617.9
0.162708 11610.2
0.164573 11570.7
0.166437 11467.8
0.168358 10709.9
0.170222 10503
0.172086 10686.7
0.173951 10738.4
0.175872 10624.1
0.177736 10468.7
0.1796 10447.3
0.181465 10426.7
0.183386 10405.4
0.18525 10883.5
0.187114 11076.4
0.188979 12228.8
0.190843 13911
0.192764 11524.7
0.194628 10441.9
0.196493 9951.41
0.198357 9783.82
0.200278 9876.71
0.202142 9675.04
0.204007 9659.24
0.205871 9820.81
0.207735 9990.74
0.209656 9772.42
0.211521 9562.25
0.213385 9396.41
0.215249 9282.85
0.21717 9327.65
0.219035 9204.4
0.220899 9162.63
0.222763 9306.15
0.224684 9122.84
0.226549 9252.69
0.228413 9444.38
0.230277 9676.47
0.232142 9962.37
0.234062 9842.07
0.235927 9763.74
0.237791 9707.77
0.239656 9766.94
0.241576 9977.52
0.243441 10079.2
0.245305 9921.68
0.24717 10041.8
0.249034 9978.82
0.250955 9938.7
0.252819 9898.04
0.254683 9804.35
0.256548 9677.86
0.258469 9633.68
0.260333 9615.56
0.262197 9560.54
0.264062 9289.17
0.265983 9108.27
0.267847 9188.65
0.269711 9353.85
0.271576 9606.68
0.27344 9994.72
0.275361 10471.4
0.277225 11075.4
0.27909 13507.6
0.280954 12882.4
0.282875 11098.5
0.284739 10367.1
0.286604 9876.43
0.288468 9563.44
0.290332 9315.1
0.292253 9349.32
0.294118 9518.45
0.295982 9444.49
0.297846 9313.02
0.299767 8988.96
0.301632 8617.45
0.303496 8584.81
0.30536 8510.93
0.307281 8598.46
0.309146 8511.5
0.31101 8686.82
0.312874 8941.5
0.314739 8800.79
0.316659 8907.43
0.318524 9145.08
0.320388 9044.94
0.322253 8909.04
0.324173 8770.34
0.326038 8806.48
0.327902 8767.15
0.329767 8644.41
0.331631 8458.02
0.333552 8478.69
0.335416 8391.3
0.33728 8306.46
0.339145 8294.37
0.341066 8397.18
0.34293 8728.6
0.344794 8235.68
0.346659 8189.78
0.34858 8202.26
0.350444 8083.66
0.352308 7868.24
0.354173 7710.95
0.356037 7679.61
0.357958 7734.22
0.359822 7734.7
0.361687 7642.48
0.363551 7663.26
0.365472 7614.72
0.367336 7498.06
0.369201 7471.08
0.371065 7508.05
0.372929 8848.52
0.37485 7346.76
0.376715 7301.75
0.378579 7137.05
0.380443 6930.26
0.382364 6984.95
0.384229 6975.14
0.386093 7394.38
0.387957 7241.37
0.389878 6926.65
0.391743 6816.25
0.393607 6581.86
0.395471 6782.05
0.397336 6904.07
0.399256 6542.69
0.401121 6447.94
0.402985 6419.79
0.40485 6389.99
0.40677 6579.46
0.408635 6595.86
0.410499 6837.03
0.412364 6476.34
0.414228 6275.55
0.416149 6209.4
0.418013 6267.35
0.419877 6106.19
0.421742 6126.35
0.423663 6320.54
0.425527 6309.08
0.427391 6364.54
0.429256 6570.92
0.431177 6826.44
0.433041 7420.46
0.434905 7739.57
0.43677 7378.79
0.438634 6657.81
0.440555 6453.69
0.442419 6346.32
0.444284 6201.05
0.446148 6294.48
0.448069 6470.56
0.449933 6577.26
0.451798 6745.89
0.453662 6708.35
0.455583 6758.3
0.457447 6744.19
0.459312 6643.81
0.461176 6527.3
0.46304 6616.52
0.464961 6344.67
0.466826 6320.64
0.46869 6480.86
0.470554 6071.18
0.472475 6100.22
0.47434 5996.27
0.476204 6066.6
0.478068 6314.94
0.479933 6635.07
0.481853 7173.3
0.483718 8102.71
0.485582 10372.5
0.487447 9580.87
0.489367 8076.17
0.491232 7390.63
0.493096 7077.75
0.49496 7650.1
0.496881 7597.11
0.498746 7152.92
0.50061 22850.9
0.502474 7183.02
0.504339 6214.52
0.50626 5847.05
0.508124 5598.66
0.509988 5629.96
0.511853 5698.36
0.513774 5840.69
0.515638 5941.03
0.517502 6006.49
0.519367 6097.78
0.521231 5922.38
0.523152 5956.35
0.525016 5867.53
0.526881 6033.68
0.528745 6092.36
0.530666 6027.68
0.53253 5942.56
0.534395 5708.41
0.536259 5687.62
0.53818 5544.81
0.540044 5480.74
0.541909 5564
0.543773 5519.89
0.545637 5458.5
0.547558 5489.38
0.549423 5496.37
0.551287 5508.1
0.553151 5601.59
0.555072 5550.57
0.556937 5532.85
0.558801 5493.94
0.560665 5442.57
0.56253 5417.64
0.56445 5422.44
0.566315 5415.27
0.568179 5461.4
0.570044 5389.41
0.571964 5403.81
0.573829 5319.97
0.575693 5437.05
0.577558 5611.55
0.579478 5972.22
0.581343 5902.72
0.583207 5670.91
0.585071 5785.36
0.586936 5984.93
0.588857 5861.87
0.590721 5731.95
0.592585 5557.27
0.59445 5598.85
0.596371 5632.11
0.598235 5509.28
0.600099 5497.91
0.601964 5486.65
0.603828 5475.43
0.605749 5463.93
0.607613 5452.85
0.609478 5441.79
0.611342 5430.8
0.613263 5419.54
0.615127 5408.68
0.616992 5397.87
0.618856 5387.09
0.620777 5376.07
0.622641 5365.4
0.624506 5354.78
0.62637 5344.24
0.628234 5333.74
0.630155 5322.96
0.63202 5312.57
0.633884 5302.22
0.635748 5291.92
0.637669 5281.37
0.639533 5271.18
0.641398 5261.06
0.643262 5250.95
0.645127 5240.91
0.647047 5230.59
0.648912 5220.67
0.650776 5210.74
0.652641 5200.92
0.654561 5190.81
0.656426 5181.05
0.65829 5171.32
0.660154 5161.65
0.662075 5151.74
0.66394 5142.19
0.665804 5132.64
0.667668 5123.16
0.669533 5113.7
0.671454 5104.04
0.673318 5094.65
0.675182 5085.34
0.677047 5076.09
0.678968 5066.56
0.680832 5057.4
0.682696 5048.24
0.684561 5039.14
0.686425 5030.09
0.688346 5020.8
0.69021 5011.81
0.692075 5002.89
0.693939 4993.97
0.69586 4984.85
0.697724 4976.01
0.699589 4967.24
0.701453 4958.53
0.703374 4949.55
0.705238 4940.88
0.707103 4932.28
0.708967 4923.66
0.710831 4915.1
0.712752 4906.36
0.714617 4897.86
0.716481 4889.43
0.718345 4881.03
0.720266 4872.44
0.72213 4864.1
0.723995 4855.81
0.725859 4847.53
0.727724 4839.34
0.729644 4830.9
0.731509 4822.74
0.733373 4814.61
0.735238 4806.53
0.737158 4798.27
0.739023 4790.24
0.740887 4782.26
0.742751 4774.31
0.744672 4766.15
0.746537 4758.28
0.748401 4750.43
0.750265 4742.61
0.75213 4734.83
0.754051 4726.85
0.755915 4719.13
0.757779 4711.45
0.759644 4703.79
0.761565 4695.94
0.763429 4688.35
0.765293 4680.78
0.767158 4673.26
0.769022 4665.75
0.770943 4658.06
0.772807 4650.61
0.774672 4643.21
0.776536 4635.83
0.778457 4628.26
0.780321 4620.94
0.782186 4613.65
0.78405 4606.38
0.785971 4598.93
0.787835 4591.72
0.7897 4584.55
0.791564 4577.4
0.793428 4570.28
0.795349 4562.97
0.797213 4555.9
0.799078 4548.87
0.8 4545.4
0.816798 4483.33
0.833948 4398.12
0.851459 4312.61
0.869337 4226.9
0.88759 4141.06
0.906227 4055.16
0.925255 3969.29
0.944683 3883.52
0.964519 3797.91
0.984771 3712.55
1.00545 3627.51
1.02656 3542.83
1.04811 3483.38
1.07012 3478.53
1.09259 3479.31
1.11553 3485.7
1.13896 3497.77
1.16287 3515.53
1.18729 3539.11
1.21222 3568.59
1.23767 3604.16
1.26366 3645.95
1.29019 3694.19
1.31728 3749.12
1.34494 3811.04
1.37318 3880.22
1.40201 3957.05
1.43145 3996.05
1.46151 4035.38
1.4922 4075.56
1.52353 4116.53
1.55552 4158.43
1.58818 4201.15
1.62153 4244.83
1.65557 4289.38
1.69033 4334.89
1.72583 4381.36
1.76206 4428.81
1.79906 4477.27
1.83684 4526.75
1.87541 4577.28
1.91478 4628.83
1.95499 4684
1.99604 4743.77
