0.131373 31.4445
0.135245 35.3854
0.136536 89.8235
0.137984 19.0141
0.139244 41.2321
0.140566 106.277
0.142644 78.7813
0.144092 20.4527
0.145414 48.0295
0.147099 45.3537
0.14894 35.0408
0.150578 56.9804
0.151837 99.6883
0.153033 61.3788
0.15445 37.903
0.155788 22.4983
0.157378 39.6216
0.158637 72.4624
0.159897 20.1971
0.161156 98.5111
0.162478 58.0657
0.163738 81.8294
0.165186 42.7216
0.166445 42.6014
0.167704 55.1322
0.168964 20.7179
0.170255 44.1359
0.171734 29.337
0.173308 62.7124
0.174568 19.2887
0.175827 51.9963
0.177086 30.6778
0.178346 56.1736
0.179605 103.269
0.18099 67.8655
0.18225 114.845
0.183509 136.34
0.184768 140.314
0.185776 48.7768
0.187035 109.408
0.188295 99.1573
0.189554 187.338
0.190813 268.529
0.192073 196.447
0.193332 106.876
0.194591 186.101
0.195851 122.671
0.19711 155.876
0.198369 136.423
0.199629 156.219
0.200888 151.792
0.202147 218.699
0.203407 196.73
0.204666 236.721
0.205925 240.918
0.207184 222.828
0.208444 261.093
0.209703 235.897
0.210962 266.548
0.212222 298.681
0.213481 319.818
0.21474 313.787
0.216 237.779
0.217007 316.177
0.218267 290.795
0.219526 341.688
0.220785 379.189
0.222045 377.743
0.223304 344.574
0.224563 395.33
0.225823 480.253
0.227082 515.086
0.228341 471.826
0.229601 490.093
0.23086 512.558
0.232119 607.701
0.233379 568.313
0.234638 600.009
0.235897 614.04
0.237157 659.716
0.238416 617.872
0.239675 648.517
0.240935 680.398
0.242194 712.893
0.243453 656.32
0.244713 655.214
0.245972 746.468
0.247231 634.118
0.248239 843.002
0.249498 798.885
0.250757 842.097
0.252017 769.201
0.253276 783.274
0.254535 854.275
0.255795 826.921
0.257054 851.183
0.258313 846.755
0.259573 795.199
0.260832 782.196
0.262091 907.655
0.263351 883.508
0.26461 941.49
0.265869 851.948
0.267129 951.132
0.268388 896.244
0.269647 970.559
0.270907 975.441
0.272166 1129.07
0.273425 1324.16
0.274685 1384.79
0.275944 1046.5
0.277203 1439.63
0.278463 1715.97
0.27947 2130.04
0.280729 1914.03
0.281989 1588.99
0.283248 1526.99
0.284507 1598.86
0.285767 1443.19
0.287026 1585.33
0.288285 1543.5
0.289545 1554.3
0.290804 1503.62
0.292063 1767.21
0.293323 1721.59
0.294582 2042.8
0.295841 1805.95
0.297101 1812.68
0.29836 1898.5
0.299619 1517.88
0.300879 1416
0.302138 1292.04
0.303397 1864.1
0.304657 1623.15
0.305916 1797.8
0.307175 1955.3
0.308435 1827.52
0.309694 1267.79
0.310702 2236.07
0.311961 2202.07
0.31322 2397.74
0.31448 2275.26
0.315739 2251.45
0.316998 2560.38
0.318258 2550.29
0.319517 3026.74
0.320776 2141.21
0.322036 2657.69
0.323295 808.422
0.324554 2302.89
0.325814 2567.31
0.327073 2295.26
0.328332 2444.79
0.329592 3065.61
0.330851 2532.4
0.33211 2502.22
0.33337 3017.17
0.334629 2887.68
0.335888 3161.85
0.337148 3067
0.338407 3037.7
0.339666 2539.52
0.340926 2971.6
0.341933 3380.38
0.343192 2995.21
0.344452 2958.78
0.345711 3313.17
0.34697 3158.89
0.34823 2915.71
0.349489 3447.08
0.350748 2929.18
0.352008 3351.15
0.353267 3394.09
0.354526 3345.08
0.355786 2788.75
0.357045 3602.98
0.358304 3670.57
0.359564 3071.12
0.360823 3149.84
0.362082 3400.65
0.363342 3749.73
0.364601 3770.01
0.36586 3914.19
0.36712 3055.83
0.368379 3376.94
0.369638 2866.14
0.370898 3024.84
0.372157 4491.56
0.373164 3300.95
0.374424 3427.74
0.375683 3490.81
0.376942 3868.97
0.378202 3565.25
0.379461 3769.88
0.38072 3595.77
0.38198 3792.07
0.383239 3832.37
0.384498 3950.14
0.385758 4132.39
0.387017 4311.83
0.388276 4114.56
0.389536 3854.73
0.390795 3077.58
0.392054 4154.91
0.393314 3700.3
0.394573 3369.35
0.395832 3960.58
0.397092 4340.26
0.398351 3904.33
0.39961 3986.57
0.40087 3967.86
0.402129 4186.08
0.403388 3856.31
0.404396 3937.25
0.405655 4001.64
0.406915 3994.75
0.408174 4097.99
0.409433 4458.44
0.412 4295.88
0.417 4314.12
0.422 4259.96
0.427 4370.47
0.432 4610.61
0.437 4832.87
0.442 4868.41
0.447 4781.25
0.452 5179.74
0.457 5321.49
0.460751 5273.43
0.46201 5222.61
0.46327 5285.45
0.464529 5491.94
0.465788 5291.58
0.467048 5308.05
0.468307 5360.01
0.469566 5439.45
0.470826 5511.82
0.472085 5368.13
0.473092 5325.79
0.474352 5370.33
0.475611 5781.96
0.47687 5641.61
0.47813 6085.93
0.479389 6101.33
0.480648 6788.48
0.481908 6801.55
0.483167 7167.06
0.484426 7684.93
0.485686 8483.19
0.486945 9415.71
0.488204 8293.71
0.489464 7576.71
0.490723 6759.12
0.491982 6638.51
0.493242 6356.06
0.494501 6564.7
0.49576 6420.49
0.49702 5986.11
0.498279 5988.96
0.499538 7424.33
0.500798 8042.37
0.502057 6202.01
0.503316 6031.24
0.504324 5916.58
0.505583 5743.78
0.506842 5653.32
0.508102 5649.33
0.509361 5571.39
0.51062 5508.42
0.51188 5616.65
0.513139 5542.57
0.514398 5733.94
0.515658 5856.48
0.516917 6014.33
0.518176 5882.33
0.519436 6489.68
0.520695 5977.53
0.521954 6071.47
0.523214 6235.98
0.524473 6351.47
0.525732 5590.74
0.526992 5976.99
0.528251 6058.51
0.52951 6107.9
0.53077 5585.77
0.532029 6078.91
0.533288 6251.79
0.534548 5158.44
0.535555 5923.24
0.536815 5741.45
0.538074 3927.82
0.539333 5625.73
0.542 5473.55
0.547 5544.94
0.552 5469.59
0.557 5111.97
0.562 4816.14
0.567 4704.68
0.572 4735.31
0.577 4949.25
0.582 5392.6
0.587 5682.71
0.590714 6029.42
0.591973 4882.95
0.593233 5648.54
0.594492 5781.99
0.595751 5362.61
0.597011 4681.87
0.59827 5326.06
0.599529 5359.59
0.600789 5690.14
0.602048 5498.1
0.603307 5662.49
0.604315 6088.17
0.605574 5994.08
0.606833 5616.79
0.608093 5580.52
0.609352 5775.03
0.610611 5404.22
0.611871 5662.82
0.61313 5634.35
0.614389 5714.7
0.615649 5629.7
0.616908 5772.59
0.618167 5790.68
0.619427 5879.45
0.620686 5809.75
0.621945 5640.21
0.623205 6223.8
0.624464 5718.44
0.625723 5898.73
0.626983 6081.3
0.628242 6105.03
0.629501 6331.96
0.630761 6354.92
0.63202 6324.75
0.633279 6515.68
0.634539 6398.56
0.635546 6694.33
0.636805 6845.46
0.638065 6930.09
0.639324 7326.27
0.640583 7302.77
0.641843 7467.2
0.643102 7802.82
0.644361 8403.24
0.645621 8967.55
0.64688 9603.58
0.648139 10635.6
0.649399 11978
0.650658 13591.8
0.651917 15882.6
0.653177 19350.4
0.654436 23468.7
0.655695 26307.6
0.656955 27216.9
0.658214 26447.5
0.659473 23640.9
0.660733 19141.4
0.661992 15215.5
0.663251 12576.4
0.664511 10709.2
0.66577 9462.72
0.666778 8677.58
0.668037 8141.57
0.669296 7740.88
0.670556 7410.58
0.671815 7111.43
0.673074 6902.98
0.674334 6735.28
0.675593 6573.98
0.676852 6405.44
0.678112 6312.69
0.679371 6261.15
0.68063 6129.94
0.68189 6033.95
0.683149 5965.33
0.684408 5919.27
0.685668 5887.79
0.686927 5925.6
0.688186 5926.36
0.689446 5976.64
0.690705 6007.76
0.691964 5991.85
0.693224 5742.31
0.694483 5769.68
0.695742 5607.98
0.697002 5630.31
0.698009 5627.77
0.699268 5904.77
0.700528 5907.41
0.701787 6064.27
0.703046 6073.59
0.704306 6096.78
0.705565 6059.73
0.706824 6050.58
0.708084 6064.8
0.709343 5963.87
0.710602 5899.57
0.711862 5880.87
0.714352 5873.8
0.733276 5724.39
0.752701 5667.77
0.77264 5589.96
0.793108 5508.98
0.814118 5426.3
0.835684 5343.34
0.857822 5261.43
0.880546 5181.78
0.903872 5105.58
0.927816 5033.94
0.952395 4967.9
0.977624 4908.47
1.00352 4856.66
1.03011 4813.49
1.05739 4779.87
1.0854 4756.95
1.11416 4745.86
1.14367 4747.75
1.17397 4764.04
1.20507 4796.23
1.23699 4845.67
1.26976 4910.56
1.3034 4987.32
1.33792 5072.23
1.37337 5161.51
1.40975 5250.92
1.44709 5336.04
1.48543 5412.18
1.52478 5474.28
1.56517 5517.24
1.60663 5536.62
1.64919 5533.23
1.69288 5510.34
1.73772 5471.35
1.78376 5419.76
1.83101 5358.89
1.87952 5292.07
1.9293 5222.42
1.98041 5153.01
2.03288 5086.65
2.08673 5026.01
2.14201 4973.73
2.19875 4931.14
2.257 4897.64
2.31678 4872.44
2.37816 4854.87
2.44116 4844.24
2.50582 4839.97
2.5722 4841.57
2.64034 4848.54
2.71029 4860.34
2.78208 4876.6
2.85578 4896.83
2.93143 4920.64
3.00909 4947.67
3.0888 4977.42
3.17063 5009.56
3.25462 5043.65
3.34084 5079.35
3.42934 5116.13
3.52018 5153.65
3.61343 5191.45
3.70915 5229.42
3.80741 5267.48
3.90827 5305.63
4.0118 5343.72
4.11808 5381.88
4.22717 5419.82
4.33915 5457.74
4.4541 5495.42
4.57209 5532.87
4.69321 5570
4.81753 5606.74
4.94515 5643.06
5.07615 5678.94
5.21062 5714.17
5.34865 5748.78
5.49034 5782.76
5.63578 5815.84
5.78508 5848.08
5.93833 5879.36
6.09564 5909.55
6.25711 5938.57
6.42287 5966.35
6.59301 5992.74
6.76767 6017.67
6.94695 6041
7.13097 6062.61
7.31988 6082.39
7.51379 6100.21
7.71283 6115.92
7.91715 6129.4
8.12688 6140.51
8.34216 6149.07
8.56315 6154.97
8.79 6158.04
9.02285 6158.11
9.26187 6155.03
9.50722 6148.64
9.75907 6138.76
10.0176 6125.22
10.283 6107.87
10.5554 6086.5
10.835 6061.04
11.122 6031.86
11.4166 5999.39
11.7191 5964.12
12.0295 5926.35
12.3482 5886.6
12.6753 5845.16
13.0111 5802.5
13.3557 5758.9
13.7095 5714.78
14.0727 5670.47
14.4455 5626.28
14.8282 5582.57
15.221 5539.58
15.6242 5497.64
16.0381 5457.06
16.463 5418.15
16.8991 5381.13
17.3467 5346.3
17.8063 5313.99
18.278 5284.43
18.7621 5257.87
19.2592 5234.71
19.7694 5215.17
20.293 5199.55
20.8306 5188.22
21.3824 5181.49
21.9489 5179.76
22.5303 5183.37
23.1272 5192.77
23.7398 5208.37
24.3687 5230.72
25.0142 5259.61
25.6769 5294.76
26.3571 5335.65
27.0553 5381.98
27.772 5433.31
28.5077 5489.27
29.2629 5549.56
30.0381 5613.79
30.8338 5681.53
31.6506 5752.46
32.489 5826.19
33.3497 5902.3
34.2331 5980.35
35.14 6059.93
36.0709 6140.49
37.0264 6221.58
38.0072 6302.73
39.0141 6383.33
40.0476 6462.8
41.1085 6540.49
42.1975 6615.77
43.3153 6687.97
44.4627 6756.42
45.6406 6820.26
46.8496 6878.83
48.0907 6931.26
49.3647 6976.71
50.6723 7014.41
52.0147 7043.52
53.3926 7063.15
54.807 7072.46
56.2588 7070.55
57.7492 7056.72
59.279 7030.9
60.8493 6993.78
62.4612 6946.06
64.1159 6888.68
65.8144 6822.19
67.5578 6747.44
69.3474 6665.18
71.1845 6576.15
73.0702 6481.03
75.0059 6380.51
76.9929 6275.24
79.0324 6165.83
81.1261 6052.88
83.2751 5936.96
85.4811 5814.35
87.7456 5694.3
90.07 5572.75
92.456 5450.11
94.9052 5326.79
97.4193 5201.55
100 5078.49
120.787 4212.11
123.757 4115.58
126.801 4025.45
129.919 3925.45
133.114 3819
136.388 3705.84
139.742 3585.7
143.179 3458.65
146.7 3324.69
150.308 3184.12
154.005 3037.38
157.792 2886.36
161.673 2733.73
165.649 2581.77
169.723 2432.45
173.897 2287.39
178.173 2147.79
182.555 2014.68
187.045 1888.74
191.645 1770.46
196.358 1659.91
201.187 1556.54
206.135 1459.77
211.205 1369.05
216.399 1283.91
221.721 1203.93
227.174 1128.72
232.76 1057.92
238.485 991.222
244.35 928.339
250.359 869.011
256.516 812.999
262.825 760.103
269.289 710.112
275.912 662.862
282.697 618.185
289.65 575.931
296.773 535.969
304.072 498.176
311.55 462.443
319.212 428.66
327.062 396.739
335.106 366.586
343.347 338.125
351.791 311.28
360.443 285.982
369.307 262.168
378.39 239.778
387.696 218.754
397.231 199.045
406.999 180.605
417.009 163.417
427.265 147.471
437.772 132.743
448.539 119.193
459.57 106.776
470.872 95.4363
482.453 85.1153
494.318 75.7518
800 12.0458
1200 2.56031
1272 2.04946
1447 1.25265
1646 0.751197
1873 0.465337
2131 0.301115
2425 0.205739
2759 0.149201
3139 0.114767
3572 0.0929299
4064 0.078434
4624 0.0682216
5261 0.0606309
5986 0.054685
6046 0.0525315
