0.1005 90.1976
0.1015 87.6134
0.1025 52.8161
0.1035 67.4505
0.1045 109.127
0.1055 112.444
0.1065 94.5632
0.1075 108.401
0.1085 88.4621
0.1095 112.078
0.1105 116.01
0.1115 113.591
0.1125 109.942
0.1135 131.654
0.1145 121.214
0.1155 131.394
0.1165 138.295
0.1175 110.986
0.1185 131.593
0.1195 78.9455
0.1205 67.6282
0.1215 48.5032
0.1225 82.706
0.1235 139.018
0.1245 162.293
0.1255 154.484
0.1265 120.596
0.1275 179.832
0.1285 195.595
0.1295 155.277
0.1305 143.357
0.1315 188.726
0.1325 186.144
0.1335 156.665
0.1345 201.938
0.1355 195.224
0.1365 171.945
0.1375 189.111
0.1385 193.027
0.1395 183.293
0.1405 185.615
0.1415 179.937
0.1425 189.848
0.1435 183.053
0.1442 197.29
0.1447 205.478
0.1455 198.257
0.1465 182.557
0.1475 179.331
0.1485 187.536
0.1495 194.761
0.1505 187.3
0.1512 165.977
0.1517 181.532
0.1525 167.768
0.1535 146.704
0.1545 173.173
0.1555 160.277
0.1565 157.561
0.1575 167.112
0.1585 179.428
0.1595 185.522
0.1605 178.364
0.1615 180.116
0.1625 167.232
0.1635 177.913
0.1645 182.152
0.1655 163.058
0.1665 182.239
0.1672 152.194
0.1677 181.413
0.1685 196.259
0.1695 183.36
0.1705 173.697
0.1715 164.454
0.1725 163.624
0.1735 176.061
0.1745 173.039
0.1755 189.57
0.1765 166.573
0.1775 177.43
0.1785 179.569
0.1795 196.039
0.1805 192.668
0.1815 180.995
0.1825 181.7
0.1835 174.058
0.1845 159.258
0.1855 160.565
0.1865 166.935
0.1875 181.891
0.1885 170.079
0.1895 166.748
0.1905 171.732
0.1915 169.272
0.1925 168.006
0.1935 168.107
0.1945 178.596
0.1955 170.468
0.1967 187.678
0.1976 191.216
0.1984 182.177
0.1995 176.343
0.2005 179.467
0.2015 171.842
0.2025 179.319
0.2035 174.522
0.2045 184.026
0.2055 174.762
0.2065 174.788
0.2074 189.117
0.2078 191.803
0.2085 199.768
0.2095 188.693
0.2105 186.066
0.2115 191
0.2125 191.395
0.2135 173.389
0.2145 188.918
0.2155 194.441
0.2165 183.253
0.2175 181.843
0.2185 187.037
0.2195 196.473
0.2205 189.277
0.2215 172.642
0.2225 172.018
0.2235 196.666
0.2245 184.114
0.2255 168.635
0.2265 170.377
0.2275 179.26
0.2285 195.962
0.2295 181.111
0.2305 186.276
0.2315 173.215
0.2325 133.602
0.2335 153.494
0.2345 139.297
0.2355 170.533
0.2365 141.259
0.2375 154.058
0.2385 130.828
0.2395 147.159
0.2405 141.576
0.2415 149.197
0.2425 178.659
0.2435 173.568
0.2445 193.104
0.2455 193.6
0.2465 185.185
0.2475 172.846
0.2485 160.836
0.2495 162.798
0.2505 196.863
0.2513 151.001
0.2518 148.409
0.2525 143.101
0.2535 161.241
0.2545 161.451
0.2555 208.722
0.2565 184.758
0.2575 213.026
0.2585 202.718
0.2595 194.393
0.2605 180.677
0.2615 173.715
0.2625 200.451
0.2635 258.14
0.2645 314.617
0.2655 393.115
0.2665 285.954
0.2675 314.128
0.2685 345.506
0.2695 278.208
0.2705 322.401
0.2715 261.429
0.2725 230.436
0.2735 269.901
0.2745 195.424
0.2755 227.038
0.2765 267.788
0.2775 284.474
0.2785 218.779
0.2795 138.847
0.2805 157.85
0.2815 269.262
0.2825 334.223
0.2835 312.111
0.2845 252.158
0.2855 197.493
0.2865 310.615
0.2875 387.616
0.2885 370.549
0.2895 434.424
0.291 569.001
0.293 507.93
0.295 473.977
0.297 489.275
0.299 498.771
0.301 497.306
0.303 534.695
0.305 555.496
0.307 611.796
0.309 598.283
0.311 696.68
0.313 648.226
0.315 660.911
0.317 725.803
0.319 638.003
0.321 699.109
0.323 609.152
0.325 837.197
0.327 975.654
0.329 969.023
0.331 904.941
0.333 938.83
0.335 909.994
0.337 694.163
0.339 785.368
0.341 810.676
0.343 861.674
0.345 899.729
0.347 937.056
0.349 1061.62
0.351 1143.87
0.353 1030.42
0.355 1192.59
0.357 820.518
0.359 843.158
0.361 1067.31
0.363 1139.54
0.364 1195.23
0.365 1354.3
0.367 1457.46
0.369 1301.15
0.371 1378.05
0.373 931.388
0.375 1087.16
0.377 1410.56
0.379 1486.07
0.381 1421.57
0.383 859.502
0.385 1176.66
0.387 1196.04
0.389 1366.39
0.391 1748.67
0.393 950.919
0.395 1542.19
0.397 1045.15
0.399 2255.86
0.401 2515.73
0.403 2485.52
0.405 2397.05
0.407 2255.96
0.409 2757.13
0.411 2560.76
0.413 2562.68
0.415 2521.46
0.417 2579.85
0.419 2535.73
0.421 2575.37
0.423 2437.11
0.425 2631.38
0.427 2483.66
0.429 2346.75
0.431 2060.62
0.433 2931.35
0.435 2928.92
0.437 3259.99
0.439 2889.67
0.441 3075.22
0.443 3341.5
0.445 3392.8
0.447 3655.18
0.449 3768.24
0.451 4335.51
0.453 3765.68
0.455 3978.31
0.457 4331.21
0.459 4112.15
0.461 4233.04
0.463 4151.68
0.465 4221.55
0.467 4448.34
0.469 4392.56
0.471 4264.75
0.473 4426.24
0.475 4592.76
0.477 4528.38
0.479 4570.28
0.481 4597.04
0.483 4781.85
0.485 4523.07
0.487 4145.44
0.489 4661.8
0.491 4688.7
0.493 4597.68
0.495 4821.67
0.497 4730.13
0.499 4402.84
0.501 4152.7
0.503 4458.19
0.505 4447.72
0.507 4667.57
0.509 4405.8
0.511 4553.55
0.513 4395.39
0.515 4219.44
0.517 3860.08
0.519 4041.88
0.521 4451.48
0.523 4889.97
0.525 5159.96
0.527 4515.35
0.529 5283.67
0.531 5680.69
0.533 4936.7
0.535 5480.22
0.537 5457.85
0.539 5349.16
0.541 5282.69
0.543 5384.53
0.545 5552.19
0.547 5463.46
0.549 5531.61
0.551 5468.25
0.553 5730.74
0.555 5844.43
0.557 5727.8
0.559 5578.88
0.561 5822.62
0.563 5811.91
0.565 5945.27
0.567 5808.01
0.569 6037.26
0.571 5826.2
0.573 6399.67
0.575 6165.15
0.577 6246.43
0.579 6000.18
0.581 6299.03
0.583 6525.29
0.585 6314.37
0.587 6317.24
0.589 5460.07
0.591 6232.98
0.593 6329.74
0.595 6355.85
0.597 6501.09
0.599 6408.16
0.601 6343.25
0.603 6561.54
0.605 6718.46
0.607 6721.37
0.609 6485.97
0.611 6541.43
0.613 6161.81
0.615 6378.16
0.617 5985.42
0.619 6439.4
0.621 6390.84
0.623 6187.74
0.625 6008.19
0.627 6337.53
0.629 6498.26
0.631 6342.75
0.633 6463.82
0.635 6499.48
0.637 6484.34
0.639 6652.57
0.641 6540.44
0.643 6627.53
0.645 6596.67
0.647 6596.49
0.649 6487.46
0.651 6772.29
0.653 6793.09
0.655 6646.68
0.657 6321.06
0.659 6739.86
0.661 6828.86
0.663 6764.92
0.665 6785.33
0.667 6630.12
0.669 6735.36
0.671 6466.45
0.673 6673.64
0.675 6569.63
0.677 6626.89
0.679 6559.81
0.681 6622.58
0.683 6740.12
0.685 6568.59
0.687 6713.82
0.689 6843.27
0.691 6852.14
0.693 6822.21
0.695 6852.98
0.697 6978.36
0.699 6970.54
0.701 6900.97
0.703 7083.29
0.705 7131.57
0.707 6892.35
0.709 6657.33
0.711 6488.92
0.713 6347.92
0.715 6337.2
0.717 6457.88
0.719 6315.29
0.721 6499.66
0.723 6696.5
0.725 6778.63
0.727 6861.13
0.729 6798.6
0.731 7044.67
0.733 7093.18
0.735 7206.36
0.737 7443.55
0.739 7328.12
0.741 7353.85
0.743 7581.2
0.745 7589.69
0.747 7759.01
0.749 7773.87
0.751 7884.45
0.753 8055.67
0.755 8143.35
0.757 8134.72
0.759 7944.23
0.761 7801.24
0.763 7614.82
0.765 7439.46
0.767 7048.96
0.769 7257.51
0.771 7134.91
0.773 7178.1
0.775 7147.2
0.777 7271.02
0.779 7351.88
0.781 7370.76
0.783 7327.17
0.785 7245.69
0.787 7408.56
0.789 7332.97
0.791 7174.87
0.793 7230.96
0.795 7192.12
0.797 7477.25
0.799 7502.4
0.801 7623.41
0.803 7687.3
0.805 7719.29
0.807 7867.23
0.809 7828.63
0.811 7951.51
0.813 8243.58
0.815 8387.33
0.817 8505.71
0.819 8212.85
0.821 8141.25
0.823 8213.62
0.825 8220.4
0.827 8319.54
0.829 8240.43
0.831 7968.61
0.833 7914.68
0.835 7940.34
0.837 8006.11
0.839 7724.05
0.841 8030.95
0.843 7619.63
0.845 7435.48
0.847 7459.83
0.849 7524.87
0.851 7223.5
0.853 7546.7
0.855 6936.88
0.857 7862.39
0.859 7798.52
0.861 7919.71
0.863 8103.35
0.865 8135.93
0.867 7317.82
0.869 7986.37
0.871 8331.32
0.873 8434.04
0.875 8390.53
0.877 8570.62
0.879 8709.39
0.881 8553.49
0.883 8664.47
0.885 8677.04
0.887 8335.77
0.889 8468.04
0.891 8593.7
0.893 8456.26
0.895 8503.77
0.897 8558.55
0.899 8599.15
0.901 8366.71
0.903 8723.86
0.905 9031.99
0.907 9066.44
0.909 8919.6
0.911 9062.76
0.913 9250.15
0.915 9204.81
0.917 9224.93
0.919 9354.96
0.921 8985.92
0.923 8740.35
0.925 8722.4
0.927 8800.43
0.929 8671.18
0.931 8749.27
0.933 8790.41
0.935 8771.94
0.937 8633.72
0.939 8831.95
0.941 8693.1
0.943 8937.27
0.945 8828.06
0.947 9073.4
0.949 9115.27
0.951 8952.4
0.953 9039.65
0.955 8906.25
0.957 9016.53
0.959 9211.32
0.961 9092.52
0.963 9180.6
0.965 9007.2
0.967 9041.3
0.969 9214.6
0.971 9070.95
0.973 8988.72
0.975 8983.86
0.977 9056.86
0.979 8934.81
0.981 9203.5
0.983 9120.31
0.985 9217.44
0.987 9173.18
0.989 9183.88
0.991 9083.85
0.993 9173.48
0.995 9223.72
0.997 9250.21
0.999 9244.85
1.003 9281.86
1.007 9206.44
1.013 9366.33
1.017 9289.74
1.022 9376.16
1.028 9455.82
1.032 9385.58
1.038 9373.9
1.043 9460.67
1.048 9355.52
1.052 9273.75
1.058 9115.61
1.063 9065.41
1.068 9031.38
1.072 9133.61
1.078 9124.55
1.082 9020.29
1.087 9035.96
1.092 9068.8
1.098 8987.25
1.102 8940.87
1.108 8824.23
1.113 8836.54
1.117 8805.03
1.122 8842.65
1.128 8773.84
1.133 8803.7
1.138 8762.67
1.143 8702.7
1.147 8851.18
1.153 8864.37
1.157 8788.05
1.162 8681.43
1.167 8709.46
1.173 8779.51
1.177 8590.65
1.183 8538.2
1.187 8405.15
1.192 8568.91
1.198 8317.68
1.203 8519.39
1.207 8479.34
1.212 8522.21
1.218 8578.97
1.223 8557.61
1.227 8519.02
1.232 8485.94
1.237 8497.68
1.243 8389.14
1.248 8393.04
1.253 8343.7
1.258 8347.89
1.262 8318.06
1.267 8274.18
1.272 8306.83
1.278 8340.92
1.283 8104.36
1.288 8254.11
1.292 8179.77
1.298 8298.53
1.302 8216.06
1.308 8268.55
1.313 8097.99
1.318 8106.75
1.323 8132.23
1.328 8009.34
1.332 8017.51
1.338 7958.65
1.343 8003.38
1.347 7952
1.352 7910.34
1.357 7823.74
1.363 7810.49
1.367 7871.58
1.373 7925.86
1.377 7925.86
1.382 7956.85
1.388 7907.24
1.393 7560.12
1.397 7523.86
1.402 7472.51
1.408 7558.4
1.412 7481.86
1.418 7583.8
1.423 7533.35
1.428 7434.5
1.433 7586.29
1.438 7673.56
1.442 7514.29
1.448 7668.01
1.452 7628.95
1.457 7691.27
1.462 7545.03
1.467 7519.34
1.472 7482.74
1.477 7555.28
1.483 7626.19
1.488 7562.88
1.492 7784.36
1.498 7747.55
1.503 7642.72
1.507 7697.92
1.512 7871.82
1.517 7923.26
1.522 7946.96
1.528 8028.26
1.533 8038.62
1.537 8039.99
1.543 8008.6
1.548 8053.07
1.552 8002.07
1.557 7820.42
1.562 7906.59
1.567 7905.66
1.572 8098.91
1.578 7642.65
1.583 7694.65
1.587 7706.49
1.593 7970.75
1.598 7838.94
1.605 7901.46
1.615 8071.79
1.625 7888.45
1.635 8171.75
1.645 7889.73
1.655 8122.54
1.665 7969.71
1.675 7984.17
1.685 7904.13
1.695 7967.26
1.705 7851.05
1.715 7764.37
1.725 7651.39
1.735 7465.98
1.745 7401.82
1.755 7287.44
1.765 7168.44
1.775 7000.9
1.785 6910.75
1.795 6763.31
1.805 6612.35
1.815 6527.36
1.825 6468.69
1.835 6411.89
1.845 6276.1
1.855 6237.62
1.865 6106.08
1.875 5989.24
1.885 6010.66
1.895 5829.38
1.905 5928.55
1.915 5854.25
1.925 5811.11
1.935 5685.4
1.945 5579.78
1.955 5575.72
1.965 5510.15
1.975 5383.79
1.985 5355.63
1.995 5322.14
2.005 5323.21
2.015 5275.83
2.025 5185.7
2.035 5164.22
2.045 5173.3
2.055 5118.24
2.065 5083.84
2.075 5067.11
2.085 5024.98
2.095 4963.83
2.105 4989.19
2.115 4926.85
2.125 4895.89
2.135 4905.31
2.145 4864.97
2.155 4818.9
2.165 4761.81
2.175 4719.6
2.185 4697.71
2.195 4664.92
2.205 4570.11
2.215 4599.65
2.225 4513.9
2.235 4480.71
2.245 4447.03
2.255 4416.49
2.265 4342.07
2.275 4350.37
2.285 4267.4
2.295 3654.42
2.305 3887.34
2.315 3882.05
2.325 3368.34
2.335 3604.49
2.345 3488.98
2.355 3145.01
2.365 3384.76
2.375 3270.26
2.385 2992.91
2.395 3171.7
2.405 3117.77
2.415 2874.5
2.425 2992.81
2.435 2927.45
2.445 2783.44
2.455 2739.98
2.465 2774.73
2.475 2665.55
2.485 2440.4
2.495 2428.33
2.505 2470.03
2.515 2323.39
2.525 2389.03
2.535 2390.41
2.545 2345.02
2.555 2350.16
2.565 2363.45
2.575 2393.2
2.585 2313.82
2.595 2337.27
2.605 2367.05
2.615 2330.24
2.625 2305.65
2.635 2318.64
2.645 2297.9
2.655 2287.52
2.665 2240.86
2.675 2291.95
2.685 2274.81
2.695 2212.33
2.705 2233.49
2.715 2215.75
2.725 2221.74
2.735 2179.06
2.745 2184.4
2.755 2183.78
2.765 2157.75
2.775 2121.05
2.785 2136.91
2.795 2135
2.805 2106.83
2.815 2082.68
2.825 2086.02
2.835 2073.27
2.845 2057.67
2.855 2044.17
2.865 2040.36
2.875 2025
2.885 1999.83
2.895 1989.9
2.905 1984.49
2.915 1972.95
2.925 1934.45
2.935 1946.21
2.945 1921.12
2.955 1915.86
2.965 1910.05
2.975 1890.38
2.985 1877.68
2.995 1867.25
3.005 1849.99
3.015 1854.22
3.025 1830.69
3.035 1819.8
3.045 1829.19
3.055 1805.22
3.065 1801.35
3.075 1793.73
3.085 1776.19
3.095 1781.94
3.105 1779.28
3.115 1751.71
3.125 1757.83
3.135 1744.7
3.145 1739.23
3.155 1733.93
3.165 1716.2
3.175 1712.51
3.185 1705.96
3.195 1702.39
3.21 1688.62
3.23 1673.11
3.25 1658.32
3.27 1636.96
3.29 1701.62
3.31 1684.77
3.33 1586.5
3.35 1571.18
3.37 1550.18
3.39 1533.95
3.41 1512.81
3.43 1499.52
3.45 1484.04
3.47 1463.85
3.49 1445.84
3.51 1429.21
3.53 1407.22
3.55 1392.25
3.57 1372.75
3.59 1353.81
3.61 1345.22
3.63 1324.59
3.65 1306.55
3.67 1289.11
3.69 1268.47
3.71 1251.37
3.73 1238.77
3.75 1217.3
3.77 1203.33
3.79 1184.93
3.81 1175.98
3.83 1163.21
3.85 1148.71
3.87 1127.82
3.89 1115.65
3.91 1100.49
3.93 1088.25
3.95 1066.38
3.97 1054.99
3.99 1035.17
4.01 1028.52
4.03 1017.58
4.05 999.366
4.07 988.391
4.09 975.305
4.11 965.649
4.13 952.886
4.15 939.958
4.17 926.528
4.19 918.603
4.21 903.508
4.23 897.344
4.25 884.298
4.27 875.858
4.29 834.444
4.31 793.639
4.33 797.322
4.35 761.106
4.37 745.107
4.39 734.179
4.41 706.235
4.43 697.096
4.45 688.192
4.47 671.34
4.49 670.074
4.51 657.612
4.53 645.733
4.55 646.064
4.57 642.729
4.59 623.23
4.61 627.808
4.63 620.957
4.65 613.275
4.67 616.683
4.69 607.754
4.71 599.093
4.73 602.039
4.75 589.831
4.77 588.155
4.79 585.295
4.81 574.333
4.83 579.445
4.85 569.487
4.87 562.539
4.89 557.074
4.91 552.719
4.93 548.704
4.95 541.08
4.97 542.103
4.99 532.767
5.01 524.587
5.03 517.602
5.05 511.666
5.07 506.625
5.09 502.345
5.11 498.706
5.13 495.59
5.15 492.892
5.17 490.505
5.19 488.333
5.21 486.285
5.23 484.267
5.25 482.193
5.27 479.982
5.29 477.552
5.31 474.83
5.33 471.742
5.35 468.22
5.37 464.205
5.39 459.636
5.41 454.467
5.43 448.783
5.45 448.696
5.47 443.362
5.49 441.041
5.51 437.241
5.53 439.754
5.55 430.762
5.57 431.471
5.59 426.687
5.61 425.529
5.63 419.95
5.65 419.684
5.67 416.736
5.69 411.533
5.71 411.75
5.73 408.62
5.75 405.689
5.77 402.635
5.79 401.536
5.81 397.547
5.83 395.287
5.85 392.864
5.87 388.915
5.89 386.904
5.91 384.681
5.93 382.719
5.95 379.405
5.97 378.062
5.99 375.6
6.01 373.211
6.03 370.844
6.05 367.538
6.07 365.46
6.09 363.069
6.11 360.41
6.13 358.851
6.15 356.98
6.17 355.336
6.19 399.275
6.21 432.612
6.23 440.145
6.25 424.673
6.27 396.416
6.29 360.842
6.31 340.142
6.33 339.048
6.35 336.725
6.37 335.55
6.39 332.933
6.42 330.501
6.46 326.737
6.5 323.264
6.54 319.931
6.58 317.006
6.62 313.652
6.66 310.287
6.7 306.752
6.74 303.153
6.78 299.759
6.82 296.25
6.86 293.172
6.9 289.817
6.94 286.736
6.98 283.711
7.02 280.521
7.06 277.726
7.1 274.825
7.14 272.101
7.18 269.33
7.22 310.818
7.26 291.737
7.3 305.125
7.34 298.411
7.38 278.292
7.42 315.537
7.46 353.585
7.5 400.087
7.54 435.428
7.58 389.97
7.62 426.364
7.66 438.083
7.7 433.701
7.74 414.986
7.78 410.962
7.82 408.501
7.86 407.899
7.9 398.342
7.94 379.47
7.98 347.468
8.02 318.104
8.06 291.381
8.1 264.891
8.14 250.941
8.18 242.341
8.22 237.842
8.26 234.874
8.3 233.264
8.34 234.245
8.38 238.919
8.42 248.616
8.46 252.251
8.5 256.833
8.54 263.544
8.58 271.826
8.62 277.046
8.66 272.515
8.7 256.352
8.74 238.674
8.78 222.626
8.82 203.656
8.86 186.372
8.9 171.094
8.94 158.84
8.98 150.16
9.02 152.385
9.06 151.633
9.1 146.902
9.14 134.676
9.18 133.581
9.22 132.619
9.26 131.568
9.3 130.727
9.34 129.799
9.38 129.083
9.42 128.918
9.46 128.25
9.5 127.173
9.54 126.642
9.58 126.179
9.62 131.298
9.66 131.051
9.7 135.759
9.74 140.548
9.78 142.621
9.82 135.349
9.82316 134.805
9.86 132.276
9.9 136.248
9.94 138.695
9.94788 139.089
9.98 140.534
10 140.979
10.0742 142.351
10.2021 148.24
10.3316 148.728
10.4628 148.953
10.5957 165.846
10.7302 181.397
10.8665 176.997
11 205.018
11.0044 206.809
11.1442 258.284
11.2857 491.633
11.4289 357.95
11.5741 249.965
11.721 192.996
11.8699 178.764
12 195.148
12.0206 196.152
12.1732 171.272
12.3278 184.249
12.4843 198.981
12.6428 220.91
12.8033 280.958
12.9659 154.46
13 133.364
13.1305 111.816
13.2972 114.149
13.4661 103.171
13.6371 103.104
13.8102 84.7872
13.9856 92.9283
14 91.819
14.1631 93.1263
14.343 91.9544
14.5251 71.8109
14.7095 103.301
14.8963 98.4145
15 98.5025
15.0854 97.3731
15.277 100.847
15.471 125.482
15.6674 108.003
15.8663 110.342
16 111.551
16.0678 113.201
16.2718 139.081
16.4784 169.681
16.6876 154.299
16.8995 177.639
17 196.785
17.1141 176.683
17.3314 162.992
17.5515 126.211
17.7743 116.975
18 103.515
19 96.4062
20 89.6242
21 93.4492
22 98.2368
23 101.171
24 105.13
25 106.901
26 111.629
27 121.88
28 133.596
30 158.093
32 192.988
34 232.256
36 279.359
38 331.391
40 379.763
42 423.524
44 469.77
46 520.904
48 574.694
50 631.82
52 692.084
54 755.12
56 821.554
58 877.517
60 903.9
62 930.136
64 955.789
66 975.044
68 979.88
70 983.437
80 993.928
90 931.176
100 812.189
110 709.474
120 625.524
130 539.796
140 453.712
150 392.763
159.9 329.763
300 51.144
800 1.05658
1200 0.175126
1272 0.124845
1447 0.0690472
1646 0.037992
1873 0.020819
2131 0.0113676
2425 0.00618678
2759 0.00335682
3139 0.00181794
3572 0.00098245
4064 0.000530108
4624 0.00028567
5261 0.000153764
