0.1005 125.59
0.1015 119.922
0.1025 65.7124
0.1035 87.7372
0.1045 152.971
0.1055 158.909
0.1065 131.68
0.1075 153.177
0.1085 122.157
0.1095 158.311
0.1105 165.212
0.1115 161.356
0.1125 157.249
0.1135 189.745
0.1145 173.263
0.1155 189.474
0.1165 200.594
0.1175 161.297
0.1185 190.192
0.1195 106.702
0.1205 90.0815
0.1215 60.6146
0.1225 111.936
0.1235 200.622
0.1245 237.572
0.1255 225.689
0.1265 171.629
0.1275 264.752
0.1285 289.616
0.1295 227.66
0.1305 208.364
0.1315 278.637
0.1325 274.858
0.1335 229.495
0.1345 299.491
0.1355 288.996
0.1365 253.066
0.1375 280.258
0.1385 286.437
0.1395 274.44
0.1405 278.363
0.1415 266.37
0.1425 282.226
0.1435 270.934
0.1442 293.012
0.1447 306.001
0.1455 295.147
0.1465 270.994
0.1475 265.56
0.1485 277.996
0.1495 289.643
0.1505 278.497
0.1512 246.042
0.1517 269.745
0.1525 248.262
0.1535 216.908
0.1545 259.254
0.1555 238.98
0.1565 233.661
0.1575 248.297
0.1585 267.179
0.1595 276.627
0.1605 265.64
0.1615 268.529
0.1625 248.497
0.1635 264.579
0.1645 271.344
0.1655 241.345
0.1665 271.287
0.1672 225.103
0.1677 269.392
0.1685 292.472
0.1695 272.637
0.1705 257.883
0.1715 244.012
0.1725 242.915
0.1735 261.697
0.1745 257.136
0.1755 282.778
0.1765 247.442
0.1775 264.644
0.1785 267.748
0.1795 293.215
0.1805 287.318
0.1815 269.851
0.1825 270.958
0.1835 258.917
0.1845 237.232
0.1855 239.163
0.1865 248.623
0.1875 271.601
0.1885 253.779
0.1895 248.537
0.1905 256.207
0.1915 252.359
0.1925 250.999
0.1935 251.496
0.1945 266.457
0.1955 254.367
0.1967 280.004
0.1976 285.682
0.1984 271.661
0.1995 262.624
0.2005 267.425
0.2015 255.309
0.2025 267.841
0.2035 259.397
0.2045 273.187
0.2055 259.66
0.2065 259.488
0.2074 279.946
0.2078 281.353
0.2085 292.015
0.2095 275.641
0.2105 271.979
0.2115 277.539
0.2125 280.033
0.2135 252.103
0.2145 273.567
0.2155 282.337
0.2165 266.936
0.2175 264.386
0.2185 268.945
0.2195 283.151
0.2205 272.326
0.2215 249.841
0.2225 245.865
0.2235 278.984
0.2245 260.249
0.2255 240.866
0.2265 244.772
0.2275 257.241
0.2285 277.123
0.2295 257.749
0.2305 261.117
0.2315 243.089
0.2325 184.641
0.2335 216.937
0.2345 199.601
0.2355 238.284
0.2365 200.811
0.2375 216.524
0.2385 187.25
0.2395 209.521
0.2405 200.528
0.2415 210.094
0.2425 244.522
0.2435 236.557
0.2445 261.334
0.2455 260.183
0.2465 250.957
0.2475 235.796
0.2485 227.59
0.2495 226.944
0.2505 268.443
0.2513 212.678
0.2518 212.401
0.2525 202.983
0.2535 221.768
0.2545 220.873
0.2555 275.219
0.2565 248.116
0.2575 282.035
0.2585 270.363
0.2595 260.764
0.2605 243.833
0.2615 236.222
0.2625 267.246
0.2635 329.101
0.2645 394.727
0.2655 477.454
0.2665 355.825
0.2675 389.531
0.2685 420.675
0.2695 349.711
0.2705 398.222
0.2715 331.159
0.2725 299.031
0.2735 343.869
0.2745 255.41
0.2755 288.526
0.2765 331.684
0.2775 352.567
0.2785 282.371
0.2795 188.263
0.2805 211.838
0.2815 336.705
0.2825 408.625
0.2835 384.639
0.2845 321.496
0.2855 264.851
0.2865 387.511
0.2875 466.837
0.2885 446.592
0.2895 511.355
0.291 655.46
0.293 588.646
0.295 554.098
0.297 573.347
0.299 583.445
0.301 585.042
0.303 621.589
0.305 641.388
0.307 698.539
0.309 687.621
0.311 784.205
0.313 735.484
0.315 747.41
0.317 811.235
0.319 717.195
0.321 783.076
0.323 685.306
0.325 918.492
0.327 1059
0.329 1049.46
0.331 988.396
0.333 1021.69
0.335 992.652
0.337 776.411
0.339 866.355
0.341 890.914
0.343 936.688
0.345 979.576
0.347 1014.94
0.349 1138.98
0.351 1219.95
0.353 1105.64
0.355 1268.92
0.357 892.504
0.359 914.725
0.361 1138.98
0.363 1210.17
0.364 1263.62
0.365 1429.28
0.367 1526.7
0.369 1363.6
0.371 1448.39
0.373 1006.68
0.375 1178.46
0.377 1502.49
0.379 1595.59
0.381 1548.9
0.383 958.297
0.385 1311.35
0.387 1346.42
0.389 1463.75
0.391 1898.44
0.393 1068.58
0.395 1670.92
0.397 1118.11
0.399 2395.94
0.401 2668.13
0.403 2643.04
0.405 2552.5
0.407 2407.18
0.409 2875.51
0.411 2656.06
0.413 2705.17
0.415 2677
0.417 2728.47
0.419 2686.78
0.421 2728.29
0.423 2589.77
0.425 2782.6
0.427 2628.21
0.429 2492.25
0.431 2195.46
0.433 3032.2
0.435 3011.42
0.437 3391.46
0.439 3022.62
0.441 3204.76
0.443 3459.58
0.445 3512.33
0.447 3770.58
0.449 3878.01
0.451 4450.4
0.453 3874.74
0.455 4081.7
0.457 4436.51
0.459 4210.15
0.461 4334.29
0.463 4243.62
0.465 4316.93
0.467 4536.83
0.469 4477.99
0.471 4339.87
0.473 4512.89
0.475 4677.32
0.477 4617.41
0.479 4653.41
0.481 4672.84
0.483 4853.52
0.485 4559.94
0.487 4162.18
0.489 4719.96
0.491 4749.51
0.493 4659.16
0.495 4888.03
0.497 4793.72
0.499 4462.53
0.501 4208.67
0.503 4515.8
0.505 4505.66
0.507 4728
0.509 4463.47
0.511 4612.49
0.513 4448.61
0.515 4272.55
0.517 3915.25
0.519 4089.19
0.521 4496.24
0.523 4917.21
0.525 5184.27
0.527 4537.03
0.529 5301
0.531 5686.64
0.533 4948.22
0.535 5491.35
0.537 5467.09
0.539 5356.24
0.541 5285.84
0.543 5388.45
0.545 5563.69
0.547 5466.2
0.549 5532
0.551 5467.84
0.553 5718.41
0.555 5827.83
0.557 5713.32
0.559 5570.58
0.561 5812.86
0.563 5794.4
0.565 5921.09
0.567 5780.39
0.569 6006.53
0.571 5801.3
0.573 6363.57
0.575 6125.82
0.577 6211.35
0.579 5959.07
0.581 6258.42
0.583 6482.73
0.585 6273.07
0.587 6278.2
0.589 5484.49
0.591 6197.64
0.593 6280.52
0.595 6301.7
0.597 6447.42
0.599 6352.4
0.601 6285.8
0.603 6495.4
0.605 6647.44
0.607 6652.54
0.609 6411.86
0.611 6466.89
0.613 6091.61
0.615 6303.93
0.617 5925.42
0.619 6370.75
0.621 6322.28
0.623 6121.67
0.625 5937.04
0.627 6261.28
0.629 6416.81
0.631 6257.33
0.633 6378.42
0.635 6411.79
0.637 6396.5
0.639 6558.82
0.641 6445.64
0.643 6532.82
0.645 6499.34
0.647 6505.97
0.649 6390.69
0.651 6668.45
0.653 6684.37
0.655 6527.25
0.657 6190.77
0.659 6631.19
0.661 6715.69
0.663 6657.58
0.665 6673.08
0.667 6516.92
0.669 6629.52
0.671 6360.02
0.673 6566.18
0.675 6458.95
0.677 6515.76
0.679 6445.29
0.681 6511.63
0.683 6621
0.685 6449.85
0.687 6592.9
0.689 6717.49
0.691 6727.38
0.693 6689.02
0.695 6718
0.697 6839.1
0.699 6829.57
0.701 6756.5
0.703 6937.1
0.705 6986.26
0.707 6750.41
0.709 6522.99
0.711 6358.44
0.713 6222.61
0.715 6215.22
0.717 6327.33
0.719 6185
0.721 6362.63
0.723 6556.25
0.725 6629.86
0.727 6708.8
0.729 6641.09
0.731 6882.98
0.733 6932.4
0.735 7043.3
0.737 7272.61
0.739 7148.44
0.741 7178.1
0.743 7404.19
0.745 7413.7
0.747 7584.22
0.749 7594.11
0.751 7703.23
0.753 7875.55
0.755 7959.51
0.757 7948.95
0.759 7769.43
0.761 7615.25
0.763 7428.35
0.765 7256.31
0.767 6875.25
0.769 7080.36
0.771 6954
0.773 6993.53
0.775 6963.12
0.777 7078.36
0.779 7167.01
0.781 7179.97
0.783 7138.45
0.785 7052.97
0.787 7207.77
0.789 7132.8
0.791 6974.86
0.793 7031.1
0.795 6999.08
0.797 7271.65
0.799 7301
0.801 7413.96
0.803 7471.57
0.805 7501.37
0.807 7649.08
0.809 7611.79
0.811 7732.11
0.813 8016.91
0.815 8155.62
0.817 8272.21
0.819 8002.03
0.821 7907.39
0.823 7978.15
0.825 7980.33
0.827 8080.2
0.829 8001.73
0.831 7726.31
0.833 7681.19
0.835 7693.83
0.837 7764.63
0.839 7491.48
0.841 7784.2
0.843 7380.63
0.845 7198.34
0.847 7227.16
0.849 7297.37
0.851 7000.9
0.853 7331.75
0.855 6795.98
0.857 7622.41
0.859 7556.55
0.861 7675.94
0.863 7867.8
0.865 7904.08
0.867 7156.65
0.869 7759.35
0.871 8092.17
0.873 8189.67
0.875 8135.4
0.877 8318.67
0.879 8459.9
0.881 8313.73
0.883 8424.7
0.885 8419.18
0.887 8074.27
0.889 8203.75
0.891 8333.75
0.893 8197.2
0.895 8240.47
0.897 8302.52
0.899 8333.55
0.901 8095.19
0.903 8452.27
0.905 8766.78
0.907 8805.07
0.909 8660.13
0.911 8799.56
0.913 8983.96
0.915 8940
0.917 8953.18
0.919 9074.94
0.921 8710.42
0.923 8466.17
0.925 8452.34
0.927 8528.65
0.929 8411.37
0.931 8487.74
0.933 8531.95
0.935 8511.21
0.937 8373.04
0.939 8567.23
0.941 8421.87
0.943 8675.85
0.945 8562.82
0.947 8804.83
0.949 8843.23
0.951 8683.32
0.953 8767.86
0.955 8626.86
0.957 8744.75
0.959 8943.1
0.961 8828.09
0.963 8913.41
0.965 8744.04
0.967 8775.6
0.969 8948.74
0.971 8805.14
0.973 8728.56
0.975 8719.38
0.977 8791.63
0.979 8666.67
0.981 8929.94
0.983 8845.62
0.985 8938.95
0.987 8895.34
0.989 8899.62
0.991 8814.24
0.993 8901.07
0.995 8946.68
0.997 8971.6
0.999 8961.8
1.003 8990.71
1.007 8914.54
1.013 9073.31
1.017 9003.06
1.022 9075.73
1.028 9150.47
1.032 9078.42
1.038 9059.01
1.043 9146.17
1.048 9044.26
1.052 8983.68
1.058 8836.27
1.063 8789.32
1.068 8748.96
1.072 8841.36
1.078 8823.4
1.082 8720.68
1.087 8730.75
1.092 8755.73
1.098 8681.66
1.102 8644.33
1.108 8537.27
1.113 8544.85
1.117 8513.41
1.122 8551.51
1.128 8479.59
1.133 8501.41
1.138 8467.71
1.143 8409.53
1.147 8550.64
1.153 8555.28
1.157 8488.41
1.162 8379.62
1.167 8407.57
1.173 8475.28
1.177 8299.56
1.183 8251.37
1.187 8128.21
1.192 8284.3
1.198 8043.59
1.203 8231.91
1.207 8189.62
1.212 8229.46
1.218 8282.9
1.223 8259.91
1.227 8222.09
1.232 8188.75
1.237 8199.62
1.243 8100.22
1.248 8105.05
1.253 8054.75
1.258 8058.01
1.262 8030.09
1.267 7985.24
1.272 8015.88
1.278 8048.36
1.283 7811.29
1.288 7960.86
1.292 7889.46
1.298 8001.9
1.302 7919.73
1.308 7972.6
1.313 7811.34
1.318 7819.07
1.323 7842.29
1.328 7724.18
1.332 7732.62
1.338 7674.42
1.343 7723.63
1.347 7674.51
1.352 7634.38
1.357 7553.13
1.363 7541.03
1.367 7599.29
1.373 7647.91
1.377 7648.17
1.382 7679.79
1.388 7633.01
1.393 7294.35
1.397 7258.95
1.402 7210.82
1.408 7294.55
1.412 7217.1
1.418 7317.77
1.423 7271.33
1.428 7173.74
1.433 7318.45
1.438 7406.98
1.442 7249.09
1.448 7398.06
1.452 7360.96
1.457 7420.75
1.462 7275.41
1.467 7248.26
1.472 7213.61
1.477 7284.33
1.483 7353.1
1.488 7290.98
1.492 7507.73
1.498 7470.18
1.503 7370.76
1.507 7421.81
1.512 7588.37
1.517 7638.78
1.522 7660.79
1.528 7737.73
1.533 7747.06
1.537 7748.05
1.543 7716.06
1.548 7757.21
1.552 7706.01
1.557 7529.45
1.562 7614.47
1.567 7610.5
1.572 7799.84
1.578 7355.58
1.583 7405.29
1.587 7414.08
1.593 7668.1
1.598 7544.37
1.605 7618.71
1.615 7782.99
1.625 7608.56
1.635 7872.54
1.645 7614.13
1.655 7822.67
1.665 7688.17
1.675 7687.75
1.685 7612.95
1.695 7668.74
1.705 7553.92
1.715 7474.21
1.725 7358.23
1.735 7186.11
1.745 7124.4
1.755 7017.54
1.765 6904.08
1.775 6745.73
1.785 6663.32
1.795 6522.15
1.805 6379
1.815 6294.44
1.825 6239
1.835 6186.41
1.845 6053.33
1.855 6016.49
1.865 5891.98
1.875 5776.22
1.885 5799.18
1.895 5620.42
1.905 5716.31
1.915 5645.11
1.925 5600.96
1.935 5479.34
1.945 5375.12
1.955 5372.85
1.965 5308.76
1.975 5192.93
1.985 5165.41
1.995 5131.78
2.005 5131
2.015 5083.74
2.025 4999.14
2.035 4977.1
2.045 4984.5
2.055 4928.84
2.065 4895.39
2.075 4880.13
2.085 4836.95
2.095 4775.66
2.105 4801.38
2.115 4737.41
2.125 4708.11
2.135 4716.9
2.145 4674.86
2.155 4629.2
2.165 4575.38
2.175 4533
2.185 4511.3
2.195 4480.06
2.205 4390.07
2.215 4416.13
2.225 4332.41
2.235 4302.15
2.245 4268.31
2.255 4240.28
2.265 4166.15
2.275 4176.63
2.285 4094.88
2.295 3503.13
2.305 3730
2.315 3726.85
2.325 3230.42
2.335 3460.26
2.345 3346.27
2.355 3016.61
2.365 3246.53
2.375 3136.4
2.385 2869.3
2.395 3042.87
2.405 2990.35
2.415 2757.62
2.425 2873.58
2.435 2810.92
2.445 2672.83
2.455 2630.85
2.465 2665.55
2.475 2557.62
2.485 2336.38
2.495 2324.96
2.505 2363.9
2.515 2224.67
2.525 2289.7
2.535 2291.72
2.545 2245.9
2.555 2252.95
2.565 2265.33
2.575 2297.44
2.585 2218.28
2.595 2241.3
2.605 2271.67
2.615 2234.94
2.625 2212.45
2.635 2224.55
2.645 2205.4
2.655 2195.27
2.665 2147.94
2.675 2200.65
2.685 2184.61
2.695 2123.4
2.705 2144.45
2.715 2127.83
2.725 2135.67
2.735 2094.06
2.745 2099.8
2.755 2099.79
2.765 2074.73
2.775 2037.85
2.785 2054.88
2.795 2054.48
2.805 2024.77
2.815 2002.63
2.825 2007.78
2.835 1993.2
2.845 1978.47
2.855 1966.76
2.865 1964.09
2.875 1948.95
2.885 1923.23
2.895 1914.6
2.905 1910.91
2.915 1899.86
2.925 1861.22
2.935 1873.9
2.945 1849.17
2.955 1844.77
2.965 1839.88
2.975 1819.61
2.985 1808.29
2.995 1798.74
3.005 1781.56
3.015 1786.86
3.025 1762.92
3.035 1752.29
3.045 1763.37
3.055 1738.58
3.065 1735.75
3.075 1728.16
3.085 1710.83
3.095 1717.68
3.105 1715.24
3.115 1687.85
3.125 1694.36
3.135 1681.47
3.145 1676.56
3.155 1672.25
3.165 1654.23
3.175 1650.63
3.185 1644.54
3.195 1641.27
3.21 1627.78
3.23 1613
3.25 1598.37
3.27 1577.74
3.29 1603.55
3.31 1586.63
3.33 1528.75
3.35 1513.74
3.37 1492.84
3.39 1477.72
3.41 1457.33
3.43 1444.24
3.45 1429.69
3.47 1410.05
3.49 1392.52
3.51 1376.4
3.53 1355.1
3.55 1340.62
3.57 1321.43
3.59 1302.93
3.61 1295.45
3.63 1275.43
3.65 1258.41
3.67 1241.13
3.69 1221.54
3.71 1205.01
3.73 1193.15
3.75 1172.24
3.77 1158.12
3.79 1140.61
3.81 1132.66
3.83 1120.63
3.85 1106.84
3.87 1086.67
3.89 1075.42
3.91 1061
3.93 1049.93
3.95 1028.54
3.97 1018.19
3.99 999.363
4.01 993.674
4.03 983.397
4.05 965.933
4.07 956.169
4.09 943.129
4.11 934.499
4.13 922.58
4.15 910.211
4.17 897.676
4.19 890.811
4.21 875.924
4.23 870.576
4.25 858.037
4.27 850.392
4.29 811.312
4.31 772.723
4.33 776.204
4.35 742.262
4.37 727.553
4.39 717.567
4.41 690.893
4.43 683.363
4.45 675.114
4.47 659.294
4.49 658.934
4.51 646.937
4.53 635.745
4.55 637.091
4.57 634.924
4.59 616.111
4.61 620.843
4.63 614.957
4.65 607.709
4.67 611.747
4.69 603.725
4.71 595.937
4.73 598.922
4.75 588.036
4.77 586.653
4.79 584.241
4.81 575.103
4.83 579.634
4.85 571.364
4.87 565.042
4.89 560.35
4.91 556.966
4.93 553.531
4.95 546.876
4.97 547.659
4.99 539.06
5.01 531.235
5.03 524.227
5.05 517.918
5.07 512.227
5.09 507.05
5.11 502.322
5.13 497.956
5.15 493.884
5.17 490.039
5.19 486.355
5.21 482.773
5.23 479.235
5.25 475.686
5.27 472.074
5.29 468.352
5.31 464.473
5.33 460.392
5.35 456.068
5.37 451.468
5.39 446.556
5.41 441.301
5.43 435.759
5.45 435.468
5.47 430.6
5.49 428.357
5.51 424.936
5.53 427.247
5.55 418.372
5.57 419.105
5.59 414.779
5.61 413.531
5.63 408.35
5.65 407.836
5.67 404.942
5.69 400.041
5.71 400.256
5.73 397.234
5.75 394.502
5.77 391.501
5.79 390.482
5.81 386.659
5.83 384.463
5.85 382.121
5.87 378.324
5.89 376.337
5.91 374.203
5.93 372.336
5.95 369.164
5.97 367.831
5.99 365.481
6.01 363.19
6.03 360.919
6.05 357.698
6.07 355.673
6.09 359.003
6.11 368.89
6.13 399.038
6.15 469.15
6.17 567.002
6.19 678.703
6.21 791.073
6.23 811.788
6.25 800.694
6.27 754.814
6.29 671.294
6.31 600.313
6.33 547.798
6.35 496.049
6.37 454.113
6.39 419.284
6.42 357.009
6.46 318.148
6.5 314.784
6.54 311.536
6.58 308.682
6.62 327.644
6.66 337.611
6.7 331.114
6.74 341.263
6.78 355.871
6.82 355.16
6.86 339.87
6.9 356.58
6.94 413.15
6.98 454.438
7.02 521.62
7.06 438.003
7.1 392.703
7.14 417.585
7.18 452.013
7.22 479.679
7.26 467.758
7.3 513.28
7.34 517.194
7.38 502.833
7.42 599.293
7.46 676.174
7.5 782.385
7.54 905.697
7.58 891.613
7.62 979.841
7.66 1022.59
7.7 1037.54
7.74 1006.87
7.78 994.712
7.82 989.261
7.86 986.65
7.9 953.957
7.94 904.366
7.98 832.202
8.02 759.591
8.06 689.568
8.1 625.914
8.14 580.825
8.18 552.597
8.22 532.063
8.26 521.811
8.3 527.974
8.34 527.248
8.38 525.806
8.42 527.153
8.46 537.968
8.5 553.479
8.54 569.647
8.58 589.892
8.62 611.605
8.66 595.006
8.7 559.491
8.74 509.683
8.78 454.164
8.82 404.693
8.86 360.871
8.9 313.314
8.94 279.712
8.98 263.004
9.02 250.464
9.06 240.125
9.1 231.946
9.14 212.368
9.18 193.345
9.22 191.606
9.26 188.072
9.3 183.366
9.34 177.992
9.38 176.681
9.42 179.861
9.46 182.238
9.5 183.805
9.54 183.646
9.58 182.969
9.62 187.573
9.66 213.651
9.7 224.522
9.74 222.244
9.78 204.342
9.82 190.568
9.82316 189.637
9.86 180.355
9.9 186.427
9.94 190.67
9.94788 191.007
9.98 192.421
10 193.117
10.0742 193.062
10.2021 199.325
10.3316 200.281
10.4628 215.499
10.5957 254.79
10.7302 272.253
10.8665 283.336
11 337.136
11.0044 340.868
11.1442 507.369
11.2857 1053.85
11.4289 747.153
11.5741 492.248
11.721 380.594
11.8699 366.018
12 401.909
12.0206 405.659
12.1732 372.521
12.3278 415.781
12.4843 439.782
12.6428 505.621
12.8033 656.429
12.9659 372.951
13 324.338
13.1305 282.126
13.2972 280.083
13.4661 260.312
13.6371 257.704
13.8102 233.64
13.9856 234.192
14 233.638
14.1631 247.813
14.343 255.271
14.5251 211.754
14.7095 181.556
14.8963 176.374
15 174.416
15.0854 173.325
15.277 178.234
15.471 248.868
15.6674 196.15
15.8663 198.575
16 202.304
16.0678 202.735
16.2718 248.073
16.4784 301.078
16.6876 280.473
16.8995 319.242
17 358.896
17.1141 329.939
17.3314 299.24
17.5515 238.832
17.7743 218.819
18 200.981
19 193.667
20 179.503
21 188.454
22 197.641
23 208.596
24 220.965
25 217.997
26 226.573
27 236.252
28 246.687
30 267.732
32 290.182
34 313.875
36 338.799
38 364.95
40 392.155
42 419.783
44 448.95
46 479.844
48 511.838
50 544.72
52 579.28
54 614.839
56 651.622
58 685.311
60 709.986
62 734.433
64 759.501
66 782.252
68 799.857
70 817.201
80 901.704
90 925.101
100 892.212
110 856.174
120 804.168
130 732.828
140 642.488
150 576.828
159.9 507.124
300 93.8238
800 2.0925
1200 0.4344
1272 0.346554
1447 0.210236
1646 0.13146
1873 0.0858368
2131 0.0590159
2425 0.0429601
2759 0.0330688
3139 0.0267401
3572 0.0225065
4064 0.0195157
4624 0.0172845
5261 0.0155438
5986 0.0141219
6046 0.0137155
