0.1005 168.965
0.1015 159.22
0.1025 77.008
0.1035 110.94
0.1045 211.941
0.1055 223.328
0.1065 183.417
0.1075 217.564
0.1085 170.533
0.1095 227.038
0.1105 239.726
0.1115 234.597
0.1125 231.263
0.1135 282.204
0.1145 256.881
0.1155 284.28
0.1165 304.275
0.1175 246.141
0.1185 289.634
0.1195 153.24
0.1205 127.394
0.1215 78.7946
0.1225 161.736
0.1235 308.731
0.1245 371.329
0.1255 353.427
0.1265 263.602
0.1275 418.889
0.1285 461.404
0.1295 361.681
0.1305 330.062
0.1315 446.834
0.1325 442.125
0.1335 368.278
0.1345 484.924
0.1355 467.887
0.1365 408.957
0.1375 455.613
0.1385 467.061
0.1395 451.315
0.1405 459.365
0.1415 435.797
0.1425 463.548
0.1435 444.414
0.1442 482.401
0.1447 504.702
0.1455 487.55
0.1465 447.521
0.1475 438.574
0.1485 459.899
0.1495 480.559
0.1505 462.962
0.1512 408.78
0.1517 449.297
0.1525 412.854
0.1535 360.905
0.1545 435.379
0.1555 400.523
0.1565 390.269
0.1575 415.31
0.1585 447.813
0.1595 464.69
0.1605 446.1
0.1615 451.351
0.1625 417.063
0.1635 444.836
0.1645 456.815
0.1655 404.916
0.1665 457.276
0.1672 378.897
0.1677 453.697
0.1685 493.695
0.1695 460.121
0.1705 434.777
0.1715 411.411
0.1725 409.377
0.1735 440.836
0.1745 432.592
0.1755 475.874
0.1765 414.982
0.1775 444.808
0.1785 449.39
0.1795 491.88
0.1805 480.818
0.1815 451.391
0.1825 452.647
0.1835 431.665
0.1845 394.963
0.1855 398.011
0.1865 413.051
0.1875 451.054
0.1885 421.284
0.1895 411.81
0.1905 423.889
0.1915 417.328
0.1925 414.678
0.1935 415.058
0.1945 439.099
0.1955 418.749
0.1967 460.068
0.1976 469.426
0.1984 445.96
0.1995 430.367
0.2005 438.291
0.2015 417.669
0.2025 438.575
0.2035 424.055
0.2045 446.158
0.2055 424.452
0.2065 423.738
0.2074 456.039
0.2078 454.249
0.2085 468.789
0.2095 442.583
0.2105 436.453
0.2115 443.312
0.2125 448.921
0.2135 402.573
0.2145 434.511
0.2155 449.061
0.2165 425.451
0.2175 421.16
0.2185 423.632
0.2195 447.323
0.2205 429.397
0.2215 396.516
0.2225 386.872
0.2235 435.651
0.2245 406.282
0.2255 381.052
0.2265 390.226
0.2275 410.321
0.2285 436.172
0.2295 409.715
0.2305 410.654
0.2315 385.387
0.2325 291.178
0.2335 348.001
0.2345 324.668
0.2355 380.375
0.2365 326.571
0.2375 349.892
0.2385 307.155
0.2395 343.021
0.2405 327.681
0.2415 342.93
0.2425 389.603
0.2435 375.716
0.2445 412.261
0.2455 407.79
0.2465 400.252
0.2475 379.009
0.2485 379.783
0.2495 374.135
0.2505 433.104
0.2513 355.311
0.2518 358.634
0.2525 341.095
0.2535 362.452
0.2545 359.835
0.2555 424.871
0.2565 394.989
0.2575 439.692
0.2585 427.169
0.2595 415.488
0.2605 392.224
0.2615 383.168
0.2625 423.985
0.2635 486.698
0.2645 569.619
0.2655 646.004
0.2665 514.577
0.2675 558.401
0.2685 583.816
0.2695 513.112
0.2705 565.161
0.2715 492.17
0.2725 465.643
0.2735 519.727
0.2745 402.892
0.2755 438.07
0.2765 486.684
0.2775 517.821
0.2785 441.645
0.2795 309.678
0.2805 345.798
0.2815 505.819
0.2825 587.123
0.2835 559.714
0.2845 497.462
0.2855 436.504
0.2865 575.103
0.2875 643.773
0.2885 623.42
0.2895 675.705
0.291 826.446
0.293 758.445
0.295 728.252
0.297 754.267
0.299 765.748
0.301 777.498
0.303 806.762
0.305 825.708
0.307 874.514
0.309 872.458
0.311 950.027
0.313 909.027
0.315 920.232
0.317 976.116
0.319 882.15
0.321 954.06
0.323 855.666
0.325 1072.33
0.327 1203.77
0.329 1193.41
0.331 1147.41
0.333 1173.9
0.335 1147.75
0.337 954.199
0.339 1037.22
0.341 1061.7
0.343 1100.24
0.345 1144.23
0.347 1174
0.349 1283.9
0.351 1358.69
0.353 1256.5
0.355 1410.44
0.357 1068.27
0.359 1084.79
0.361 1286.74
0.363 1350.73
0.364 1396.54
0.365 1556.47
0.367 1631.91
0.369 1474.87
0.371 1581.15
0.373 1196.24
0.375 1405.02
0.377 1706.35
0.379 1846.42
0.381 1862.69
0.383 1244.95
0.385 1684.15
0.387 1760.15
0.389 1692.13
0.391 2246.73
0.393 1401.28
0.395 2009.43
0.397 1323.49
0.399 2690.11
0.401 2980.82
0.403 2966.1
0.405 2886.66
0.407 2741.55
0.409 3085.33
0.411 2806.22
0.413 2999.26
0.415 3006.17
0.417 3048.73
0.419 3014.64
0.421 3054.79
0.423 2926.97
0.425 3099.41
0.427 2946.8
0.429 2821.5
0.431 2514.01
0.433 3208.09
0.435 3132.42
0.437 3625.4
0.439 3295.52
0.441 3467.01
0.443 3688.72
0.445 3740.77
0.447 3976.37
0.449 4065.58
0.451 4602.45
0.453 4065.77
0.455 4247.96
0.457 4588.19
0.459 4366.74
0.461 4490.13
0.463 4390.63
0.465 4469.34
0.467 4671.4
0.469 4605.35
0.471 4466.5
0.473 4647.52
0.475 4800.87
0.477 4751.02
0.479 4779.74
0.481 4782.03
0.483 4943.79
0.485 4590.36
0.487 4156.4
0.489 4798.74
0.491 4839.39
0.493 4753.55
0.495 4981.78
0.497 4901.58
0.499 4579.38
0.501 4337.2
0.503 4628.39
0.505 4618.99
0.507 4838.91
0.509 4587.06
0.511 4723.89
0.513 4563.48
0.515 4401.67
0.517 4070.83
0.519 4229.47
0.521 4602.77
0.523 4975.61
0.525 5219.47
0.527 4607.41
0.529 5320.79
0.531 5675.43
0.533 4989.23
0.535 5495.63
0.537 5476.81
0.539 5368.55
0.541 5299.12
0.543 5401.76
0.545 5571.75
0.547 5471.64
0.549 5528.65
0.551 5471.23
0.553 5697.45
0.555 5799.58
0.557 5690.98
0.559 5560.93
0.561 5790.19
0.563 5766.08
0.565 5876.4
0.567 5744.56
0.569 5956.35
0.571 5764.13
0.573 6292.63
0.575 6061.31
0.577 6145.97
0.579 5908.69
0.581 6188.58
0.583 6398.89
0.585 6202.52
0.587 6212.98
0.589 5480.99
0.591 6136
0.593 6211.2
0.595 6232.15
0.597 6366.29
0.599 6270.39
0.601 6203.04
0.603 6404.46
0.605 6544.1
0.607 6547.16
0.609 6319.17
0.611 6366.07
0.613 6015.6
0.615 6208.3
0.617 5873.67
0.619 6286.63
0.621 6246.14
0.623 6052.76
0.625 5869.52
0.627 6183.68
0.629 6330.38
0.631 6172.95
0.633 6285.46
0.635 6309.22
0.637 6294
0.639 6450.58
0.641 6337.45
0.643 6424.08
0.645 6392.77
0.647 6396.77
0.649 6285.5
0.651 6539.88
0.653 6548.02
0.655 6371.66
0.657 6001.22
0.659 6491.22
0.661 6587.77
0.663 6534.66
0.665 6550.32
0.667 6406.78
0.669 6516.04
0.671 6264.57
0.673 6460.3
0.675 6359.74
0.677 6415.85
0.679 6347.57
0.681 6403.77
0.683 6506.15
0.685 6345
0.687 6476.99
0.689 6597.02
0.691 6599.27
0.693 6563.24
0.695 6586.44
0.697 6699.21
0.699 6684.23
0.701 6604.71
0.703 6774.09
0.705 6827.85
0.707 6613.65
0.709 6402.46
0.711 6250.87
0.713 6128.87
0.715 6119.81
0.717 6220.28
0.719 6083.67
0.721 6254.98
0.723 6427.15
0.725 6498.16
0.727 6569.45
0.729 6493.87
0.731 6717.41
0.733 6762.69
0.735 6862.08
0.737 7074.65
0.739 6953.69
0.741 6977.04
0.743 7182.25
0.745 7197.03
0.747 7348.89
0.749 7354.81
0.751 7461.77
0.753 7615.24
0.755 7695.49
0.757 7683.47
0.759 7518.01
0.761 7384.17
0.763 7221.54
0.765 7067.29
0.767 6715.05
0.769 6906.64
0.771 6787.81
0.773 6824.34
0.775 6794.58
0.777 6902.43
0.779 6986.92
0.781 6995.3
0.783 6955.73
0.785 6872.64
0.787 7020.16
0.789 6941.45
0.791 6794.52
0.793 6845.65
0.795 6809.41
0.797 7070.35
0.799 7097.87
0.801 7194.05
0.803 7246.38
0.805 7274.29
0.807 7405.93
0.809 7354.99
0.811 7467.45
0.813 7729.58
0.815 7853.32
0.817 7957.56
0.819 7711.47
0.821 7624.81
0.823 7688.7
0.825 7697.29
0.827 7796.91
0.829 7724.47
0.831 7458.4
0.833 7420.29
0.835 7432.99
0.837 7502.01
0.839 7247.89
0.841 7522.43
0.843 7148.34
0.845 6984.36
0.847 7011.26
0.849 7079.76
0.851 6784.04
0.853 7107.9
0.855 6559.6
0.857 7387.66
0.859 7305.04
0.861 7416.87
0.863 7613.61
0.865 7641.83
0.867 6890.38
0.869 7501.73
0.871 7822.74
0.873 7904.79
0.875 7821.19
0.877 8021.5
0.879 8158.1
0.881 8014.96
0.883 8125
0.885 8105.48
0.887 7765.65
0.889 7930.01
0.891 8056.88
0.893 7921.99
0.895 7967.1
0.897 8017.83
0.899 8046.72
0.901 7783.49
0.903 8132.23
0.905 8449.23
0.907 8473.46
0.909 8330.86
0.911 8460.66
0.913 8646.81
0.915 8598.58
0.917 8611.77
0.919 8731.76
0.921 8373.23
0.923 8120.35
0.925 8137.95
0.927 8223.61
0.929 8121.99
0.931 8196.44
0.933 8231.17
0.935 8214.48
0.937 8088.75
0.939 8266.87
0.941 8117.53
0.943 8359.77
0.945 8250.3
0.947 8482.14
0.949 8517.47
0.951 8366.69
0.953 8430.94
0.955 8267.51
0.957 8407.76
0.959 8607.23
0.961 8495.84
0.963 8572.42
0.965 8419.02
0.967 8442.37
0.969 8608.05
0.971 8483.24
0.973 8411.42
0.975 8398.89
0.977 8463.94
0.979 8349.48
0.981 8594.61
0.983 8515.92
0.985 8605.55
0.987 8556.61
0.989 8567.89
0.991 8494.29
0.993 8572.17
0.995 8613.79
0.997 8637.2
0.999 8623.97
1.003 8640.09
1.007 8557.49
1.013 8726.24
1.017 8654.9
1.022 8722.47
1.028 8798.84
1.032 8719.43
1.038 8706.61
1.043 8780.46
1.048 8694.31
1.052 8637.38
1.058 8505.41
1.063 8467.56
1.068 8415.91
1.072 8499.91
1.078 8488.12
1.082 8387.22
1.087 8392.74
1.092 8404.62
1.098 8343.32
1.102 8319.76
1.108 8222.71
1.113 8232.57
1.117 8200.67
1.122 8237.38
1.128 8164.1
1.133 8186.43
1.138 8159.89
1.143 8104.83
1.147 8238.44
1.153 8246.29
1.157 8175.79
1.162 8076.04
1.167 8103.66
1.173 8174.02
1.177 8007.47
1.183 7961.45
1.187 7843.11
1.192 8000.14
1.198 7769.21
1.203 7948.83
1.207 7901.42
1.212 7941.58
1.218 7988.35
1.223 7968.76
1.227 7934.75
1.232 7899.25
1.237 7908.62
1.243 7817.7
1.248 7826.23
1.253 7780.94
1.258 7781.21
1.262 7751.9
1.267 7708.96
1.272 7739.38
1.278 7768.85
1.283 7524.51
1.288 7683.06
1.292 7616.83
1.298 7725.25
1.302 7643.12
1.308 7697.54
1.313 7547.83
1.318 7554.8
1.323 7578.59
1.328 7466.71
1.332 7482.66
1.338 7427.14
1.343 7476.27
1.347 7430.13
1.352 7394.85
1.357 7315.08
1.363 7305.73
1.367 7359.79
1.373 7404.69
1.377 7403.51
1.382 7434.62
1.388 7388.78
1.393 7081.32
1.397 7050.37
1.402 7000.13
1.408 7081.76
1.412 7005.99
1.418 7103.41
1.423 7053.61
1.428 6960.46
1.433 7102.32
1.438 7182.54
1.442 7026.06
1.448 7173.99
1.452 7133.41
1.457 7192.73
1.462 7058.2
1.467 7034.76
1.472 6995.71
1.477 7062.84
1.483 7126.01
1.488 7066.27
1.492 7274.23
1.498 7233.84
1.503 7142.11
1.507 7184.17
1.512 7342.15
1.517 7389.63
1.522 7407.47
1.528 7483.4
1.533 7487.26
1.537 7491.75
1.543 7461.53
1.548 7499.89
1.552 7449.01
1.557 7271.08
1.562 7360.35
1.567 7348.45
1.572 7531.53
1.578 7101.71
1.583 7151.33
1.587 7148.04
1.593 7395.33
1.598 7279.72
1.605 7351.86
1.615 7500.43
1.625 7342.06
1.635 7588.31
1.645 7334.81
1.655 7538.36
1.665 7407.68
1.675 7406.06
1.685 7324.53
1.695 7387.69
1.705 7275.83
1.715 7206.24
1.725 7092.06
1.735 6925.13
1.745 6877.5
1.755 6779.46
1.765 6676.68
1.775 6528.77
1.785 6455.26
1.795 6323.39
1.805 6188.57
1.815 6104.04
1.825 6052.8
1.835 6001.77
1.845 5878.71
1.855 5844.75
1.865 5723.35
1.875 5609.51
1.885 5634.79
1.895 5459.51
1.905 5554.73
1.915 5483.14
1.925 5441.11
1.935 5323.75
1.945 5219.17
1.955 5224.48
1.965 5161.03
1.975 5050.79
1.985 5024.15
1.995 4990.85
2.005 4990.1
2.015 4945.98
2.025 4858.99
2.035 4836.91
2.045 4845.69
2.055 4791.42
2.065 4755.36
2.075 4739.03
2.085 4695.55
2.095 4637.35
2.105 4659.48
2.115 4597.5
2.125 4565.9
2.135 4574.34
2.145 4532.77
2.155 4487.98
2.165 4430.65
2.175 4393.89
2.185 4372.67
2.195 4341.64
2.205 4254.86
2.215 4279.58
2.225 4198.17
2.235 4169.17
2.245 4137
2.255 4108.52
2.265 4038.04
2.275 4047.52
2.285 3970.26
2.295 3399.31
2.305 3618.62
2.315 3614.5
2.325 3135.1
2.335 3359.99
2.345 3250.99
2.355 2929.17
2.365 3155.76
2.375 3048.5
2.385 2789.93
2.395 2961.35
2.405 2911.9
2.415 2686.11
2.425 2801.09
2.435 2741.15
2.445 2608.79
2.455 2571.42
2.465 2607.53
2.475 2504.53
2.485 2289.64
2.495 2279.01
2.505 2320.33
2.515 2183.42
2.525 2247.71
2.535 2250.41
2.545 2207.9
2.555 2211.89
2.565 2223.69
2.575 2255.99
2.585 2177.77
2.595 2202.07
2.605 2229.68
2.615 2193.45
2.625 2169.72
2.635 2182.83
2.645 2166.84
2.655 2153.91
2.665 2109.86
2.675 2160.33
2.685 2145.41
2.695 2085.8
2.705 2106.78
2.715 2091.32
2.725 2099.03
2.735 2056.53
2.745 2064.05
2.755 2061.46
2.765 2038.5
2.775 2003.43
2.785 2019.17
2.795 2019.58
2.805 1992.49
2.815 1968.6
2.825 1973.86
2.835 1961.78
2.845 1947.82
2.855 1933.7
2.865 1929.96
2.875 1915.59
2.885 1892.25
2.895 1884.64
2.905 1878.71
2.915 1869.13
2.925 1832.6
2.935 1844.25
2.945 1819.91
2.955 1815.26
2.965 1810.17
2.975 1791.18
2.985 1779.5
2.995 1769.54
3.005 1753.59
3.015 1757.6
3.025 1735.13
3.035 1723.25
3.045 1733.23
3.055 1710.53
3.065 1706.96
3.075 1699.94
3.085 1682.84
3.095 1687.94
3.105 1685.62
3.115 1659.43
3.125 1664.78
3.135 1652.67
3.145 1647.19
3.155 1642.11
3.165 1625.7
3.175 1623.29
3.185 1619.18
3.195 1618.89
3.21 1614.32
3.23 1620.53
3.25 1638.16
3.27 1654.05
3.29 1660.35
3.31 1644.73
3.33 1606.37
3.35 1555.55
3.37 1502.12
3.39 1464.46
3.41 1433.09
3.43 1415.27
3.45 1400.85
3.47 1381.75
3.49 1364.71
3.51 1349.08
3.53 1328.22
3.55 1313.99
3.57 1295.57
3.59 1277.54
3.61 1269.59
3.63 1250.61
3.65 1233.79
3.67 1217.15
3.69 1197.79
3.71 1181.77
3.73 1170.3
3.75 1149.46
3.77 1137.09
3.79 1120.36
3.81 1112.25
3.83 1101.11
3.85 1088
3.87 1068.77
3.89 1058.1
3.91 1044.61
3.93 1034.07
3.95 1013.94
3.97 1004.24
3.99 986.324
4.01 980.942
4.03 971.52
4.05 955.018
4.07 946.015
4.09 934.127
4.11 926.11
4.13 914.923
4.15 903.347
4.17 891.346
4.19 884.836
4.21 871.264
4.23 866.325
4.25 854.539
4.27 847.309
4.29 809.519
4.31 771.878
4.33 775.962
4.35 743.263
4.37 729.554
4.39 720.79
4.41 695.17
4.43 689.109
4.45 681.847
4.47 666.549
4.49 667.304
4.51 656.48
4.53 646.06
4.55 648.329
4.57 646.705
4.59 629.541
4.61 635.101
4.63 629.902
4.65 623.779
4.67 628.143
4.69 621.336
4.71 614.448
4.73 618.504
4.75 609.173
4.77 608.208
4.79 606.917
4.81 598.859
4.83 604.272
4.85 597.219
4.87 591.637
4.89 588.355
4.91 585.925
4.93 583.485
4.95 577.705
4.97 579.278
4.99 571.659
5.01 571.005
5.03 568.174
5.05 562.222
5.07 561.776
5.09 559.131
5.11 554.578
5.13 554.676
5.15 550.35
5.17 551.349
5.19 547.26
5.21 545.669
5.23 541.174
5.25 540.162
5.27 541.06
5.29 534.179
5.31 531.127
5.33 530.323
5.35 527.896
5.37 526.059
5.39 524.159
5.41 521.935
5.43 517.718
5.45 518.758
5.47 515.073
5.49 514.101
5.51 511.726
5.53 515.377
5.55 507.903
5.57 509.869
5.59 506.366
5.61 502.733
5.63 499.065
5.65 495.512
5.67 492.213
5.69 489.304
5.71 486.913
5.73 485.169
5.75 484.19
5.77 484.101
5.79 485.025
5.81 487.09
5.83 490.431
5.85 495.194
5.87 501.537
5.89 509.636
5.91 519.692
5.93 531.93
5.95 546.618
5.97 564.052
5.99 584.593
6.01 608.663
6.03 636.213
6.05 638.19
6.07 666.899
6.09 694.729
6.11 714.149
6.13 789.385
6.15 908.712
6.17 1105.35
6.19 1310.86
6.21 1520.86
6.23 1560.82
6.25 1540.14
6.27 1451.37
6.29 1293.73
6.31 1155.87
6.33 1054.32
6.35 957.593
6.37 873.939
6.39 808.686
6.42 697.52
6.46 583.231
6.5 555.757
6.54 533.544
6.58 584.522
6.62 629.996
6.66 649.269
6.7 636.71
6.74 656.834
6.78 684.217
6.82 683.739
6.86 653.37
6.9 686.309
6.94 794.47
6.98 876.151
7.02 1003.37
7.06 843.402
7.1 755.078
7.14 804.078
7.18 869.189
7.22 922.232
7.26 899.659
7.3 987.398
7.34 994.438
7.38 966.869
7.42 1153.08
7.46 1300.17
7.5 1504.82
7.54 1741.11
7.58 1715.08
7.62 1884.25
7.66 1966.2
7.7 1994.73
7.74 1935.74
7.78 1912.4
7.82 1901.9
7.86 1896.88
7.9 1834.09
7.94 1738.76
7.98 1600.17
8.02 1460.82
8.06 1325.72
8.1 1203.82
8.14 1116.78
8.18 1062.39
8.22 1023.01
8.26 1003.22
8.3 1015.07
8.34 1013.68
8.38 1010.9
8.42 1013.49
8.46 1034.4
8.5 1064.12
8.54 1095.29
8.58 1134.28
8.62 1175.83
8.66 1143.9
8.7 1076.03
8.74 979.929
8.78 873.818
8.82 778.742
8.86 694.049
8.9 603.983
8.94 537.919
8.98 505.795
9.02 481.702
9.06 461.667
9.1 446.032
9.14 409.852
9.18 371.709
9.22 368.381
9.26 361.698
9.3 352.525
9.34 342.375
9.38 339.722
9.42 345.82
9.46 350.458
9.5 353.352
9.54 353.059
9.58 351.807
9.62 361.825
9.66 412.377
9.7 431.38
9.74 427.504
9.78 393.311
9.82 366.782
9.82316 365.002
9.86 346.765
9.9 358.67
9.94 366.535
9.94788 367.202
9.98 369.951
10 371.241
10.0742 371.166
10.2021 383.22
10.3316 385.054
10.4628 414.335
10.5957 489.867
10.7302 523.426
10.8665 544.74
11 648.678
11.0044 655.86
11.1442 976.304
11.2857 2026.05
11.4289 1436.86
11.5741 946.566
11.721 731.702
11.8699 703.719
12 772.71
12.0206 779.899
12.1732 716.181
12.3278 799.412
12.4843 845.525
12.6428 972.085
12.8033 1262.65
12.9659 717.36
13 624.168
13.1305 542.393
13.2972 538.465
13.4661 500.453
13.6371 495.443
13.8102 449.189
13.9856 450.244
14 449.183
14.1631 476.468
14.343 490.823
14.5251 407.117
14.7095 349.049
14.8963 339.081
15 335.317
15.0854 333.221
15.277 342.659
15.471 478.455
15.6674 377.108
15.8663 381.776
16 388.942
16.0678 389.766
16.2718 477.297
16.4784 578.835
16.6876 539.218
16.8995 613.937
17 690.001
17.1141 634.483
17.3314 575.295
17.5515 459.205
17.7743 420.687
18 386.401
19 372.339
20 345.11
21 362.307
22 379.92
23 401.04
24 424.807
25 440.297
26 459.386
27 480.657
28 503.65
30 551.781
32 601.917
34 654.99
36 711.202
38 770.503
40 833.996
42 901.572
44 972.07
46 1049.1
48 1130.08
50 1214.27
52 1304.21
54 1397.94
56 1495.49
58 1587.88
60 1662.47
62 1738.5
64 1816.36
66 1889.03
68 1950.37
70 2012.02
80 2302.86
90 2436.92
100 2421.06
110 2369.97
120 2259.26
130 2094.73
140 1875.83
150 1697.94
159.9 1501.82
300 287.266
800 5.81748
1200 1.16048
1272 0.920511
1447 0.551389
1646 0.333768
1873 0.209529
2131 0.137831
2425 0.0959255
2759 0.0708379
3139 0.0553845
3572 0.0454444
4064 0.0386921
4624 0.0338769
5261 0.0302307
5986 0.0273418
6046 0.0263672
