0.0912 13058.2
0.0922 13142.1
0.0932 13221.6
0.0942 13299.3
0.0952 13378.1
0.0962 13452.3
0.0972 13527.7
0.0982 13598.5
0.0992 13667.5
0.1002 13737.7
0.1012 13803
0.1022 13866.5
0.1032 13931.4
0.1042 13991.3
0.1052 14049.4
0.1062 14108.8
0.1072 14163.2
0.1082 14218.9
0.1092 14269.6
0.1102 14318.4
0.1112 14368.6
0.1122 14413.7
0.1132 14456.8
0.1142 14501.4
0.1152 14540.7
0.1162 14578.1
0.1172 14617.2
0.1182 14650.8
0.1192 14686
0.1202 14715.7
0.1212 14743.5
0.1222 14773.1
0.1232 13641.2
0.1236 13929.9
0.124 13872.2
0.1244 14676.8
0.1248 14643.1
0.1252 13528.6
0.1256 14001.7
0.126 13960.5
0.1264 16343.8
0.1268 16515.7
0.1272 17075.8
0.1276 16838.5
0.128 16352.1
0.1284 16284.5
0.1288 15878.1
0.1292 13917.7
0.1296 13379.5
0.13 13798.4
0.1304 13248
0.1308 14280.1
0.1312 16086
0.1316 15572.3
0.132 15584.7
0.1324 14965.8
0.1328 14691.4
0.1332 13808.2
0.1336 13822.3
0.134 15194.2
0.1344 14923.9
0.1348 16827.2
0.1352 15776.5
0.1356 16760.4
0.136 15760.1
0.1364 15214.3
0.1368 15180.8
0.1372 15978.8
0.1376 15448.6
0.138 14411.4
0.1384 13572.5
0.1388 11978.9
0.1392 13701.5
0.1396 12625
0.14 12863.8
0.1404 12676
0.1408 14236.8
0.1412 13923.6
0.1416 13881.6
0.142 14520.3
0.1424 15828.1
0.1428 14627.3
0.1432 15203.6
0.1436 14076.1
0.144 15057.4
0.1444 16013.5
0.1448 16000.5
0.1452 15890.9
0.1456 15938.4
0.146 17104.6
0.1464 17680.7
0.1468 17046.4
0.1472 17305.1
0.1476 17266.8
0.148 17254.7
0.1484 16199.2
0.1488 16179.1
0.1492 17270.3
0.1496 16471.7
0.15 15582.6
0.1504 15722.9
0.1508 16104.8
0.1512 15704
0.1516 15127
0.152 14432.1
0.1524 13531
0.1528 14348.8
0.1532 13192.8
0.1536 14324
0.154 11270.7
0.1544 11233.4
0.1548 11788.7
0.1552 14060.3
0.1556 14775.6
0.156 13226.2
0.1564 13570
0.1568 14251.1
0.1572 13503.4
0.1576 14710.4
0.158 14555.4
0.1584 14327.8
0.1588 14070.1
0.1592 14507.2
0.1596 14233.7
0.16 13027.3
0.1604 11427.4
0.1608 11706.3
0.1612 10649.2
0.1616 12613.9
0.162 13444.7
0.1624 14044.2
0.1628 13217.5
0.1632 12952.6
0.1636 13702.9
0.164 14125.2
0.1644 13884.9
0.1648 13394.7
0.1652 14989.9
0.1656 13830.2
0.166 13761.4
0.1664 13421
0.1668 14613.4
0.1672 13541.8
0.1676 13996.7
0.168 13607.3
0.1684 14333.5
0.1688 14625
0.1692 15086.2
0.1696 13262.5
0.17 14404.3
0.1704 14487.4
0.1708 13885.4
0.1712 13141
0.1716 13335.1
0.172 12917.7
0.1724 12337
0.1728 13546.6
0.1732 14510.8
0.1736 14782.9
0.174 14562.7
0.1744 14451.8
0.1748 13528.3
0.1752 14138.2
0.1756 13866.2
0.176 13831.8
0.1764 13334.1
0.1768 13708.6
0.1772 13603.6
0.1776 13594.5
0.178 14487.2
0.1784 15093.2
0.1788 13981.3
0.1792 14145.3
0.1796 12917.7
0.18 13291.6
0.1804 13422.2
0.1808 14076.8
0.1812 13405.9
0.1816 13082.6
0.182 12818.1
0.1824 12651.3
0.1828 12980
0.1832 12972.9
0.1836 13547.2
0.184 12814
0.1844 12244.4
0.1848 12530.7
0.1852 12376.7
0.1856 11874.9
0.186 12655.7
0.1864 13231.7
0.1868 14012.9
0.1872 12979
0.1876 13010.2
0.188 13313.6
0.1884 12333.8
0.1888 11816.8
0.1892 11634.2
0.1896 11748.1
0.19 12521.6
0.1904 12149.5
0.1908 12489.4
0.1912 12213.6
0.1916 10774.8
0.192 11374.4
0.1924 11117.5
0.1928 10999
0.1932 11614.2
0.1936 11607.1
0.194 11933.4
0.1944 9680.75
0.1948 11261.8
0.1952 10965.1
0.1956 10914.8
0.196 11142.2
0.1964 11400.1
0.1968 11290.9
0.1972 14036.5
0.1976 5384.48
0.198 12519
0.1984 10854.9
0.1988 9891.62
0.1992 10432.6
0.1996 10969.7
0.2 10670.3
0.2004 11270.4
0.2008 10243.4
0.2012 12447.2
0.2016 12975.2
0.202 12713.1
0.2024 10947.9
0.2028 10344.1
0.2032 11319.4
0.2036 11635.1
0.204 10610.5
0.2044 10759.5
0.2048 9593.15
0.2052 9969.64
0.2056 8828.14
0.206 10031
0.2064 10672
0.2068 10835.1
0.2072 11180
0.2076 10186
0.208 12645.4
0.2084 12555.6
0.2088 9612.19
0.2092 10330.2
0.2096 11164.8
0.21 9576.22
0.2104 11110.6
0.2108 10647.7
0.2112 10590.8
0.2116 8905.98
0.212 10226.8
0.2124 11129.7
0.2128 10514.7
0.2132 9800.79
0.2136 11216.9
0.214 11218.2
0.2144 10592
0.2148 10326.4
0.2152 11137.3
0.2156 9057.15
0.216 8976
0.2164 10539.6
0.2168 11651.1
0.2172 11200.8
0.2176 10801.4
0.218 9124.7
0.2184 9497.26
0.2188 9501.64
0.2192 9175.36
0.2196 10974.2
0.22 10311
0.2204 10582.7
0.2208 10222.6
0.2212 9954.7
0.2216 10180.4
0.222 11411.4
0.2224 11244.7
0.2228 9686.17
0.2232 9805.2
0.2236 9938.21
0.224 11328.4
0.2244 10767.3
0.2248 10265.3
0.2252 11357.8
0.2256 8609.21
0.226 10282.2
0.2264 11763
0.2268 11223.9
0.2272 11525.9
0.2276 8746.27
0.228 9987.15
0.2284 10936.2
0.2288 10818.7
0.2292 11191.7
0.2296 10561.8
0.23 9721.43
0.2304 9774.7
0.2308 8964.92
0.2312 9812.13
0.2316 9327.89
0.232 10612.6
0.2324 11747.5
0.2328 11699.4
0.2332 11088.5
0.2336 10080.8
0.234 8455.55
0.2344 7758.12
0.2348 8311.92
0.2352 10719.4
0.2356 10185.7
0.236 10789.2
0.2364 10146.8
0.2368 8687.93
0.2372 8211.52
0.2376 8908.94
0.238 9099.03
0.2384 8498.67
0.2388 9315.38
0.2392 9947.28
0.2396 11043.8
0.24 8654.49
0.2404 9651.06
0.2408 11391.8
0.2412 10635.4
0.2416 11042.7
0.242 11750.5
0.2424 12862.9
0.2428 11481.4
0.2432 10315.4
0.2436 12011.4
0.244 11350.3
0.2444 12161.5
0.2448 10841.3
0.2452 10448.7
0.2456 11677.2
0.246 9414.71
0.2464 9619.95
0.2468 10242.7
0.2472 10755.7
0.2476 10732.5
0.248 9856.48
0.2484 9749.39
0.2488 11743.4
0.2492 11428.5
0.2496 10947
0.25 10358.4
0.2504 10576.1
0.2508 9190.59
0.2512 9043.43
0.2516 8964.06
0.252 9302.57
0.2524 9809.7
0.2528 10280.3
0.2532 9835.81
0.2536 9466.48
0.254 9126.59
0.2544 8877.77
0.2548 9604.33
0.2552 8716.51
0.2556 9745.81
0.256 10438.6
0.2564 9718.08
0.2568 11768.6
0.2572 11606.6
0.2576 9415.95
0.258 8494.87
0.2584 8475.15
0.2588 8837.86
0.2592 7872.55
0.2596 8360.84
0.26 8434.91
0.2604 8697.8
0.2608 8914.32
0.2612 10100.6
0.2616 9885.95
0.262 9030.48
0.2624 10056.2
0.2628 9967.38
0.2632 9068.45
0.2636 10528.4
0.264 10575.2
0.2644 10486.7
0.2648 10174.2
0.2652 10020.8
0.2656 9137.83
0.266 9006.44
0.2664 10353.4
0.2668 10593.7
0.2672 10576.8
0.2676 11326.7
0.268 10478.3
0.2684 9586.71
0.2688 9098.01
0.2692 10767.9
0.2696 9815.89
0.27 8600.51
0.2704 8735.54
0.2708 8323.62
0.2712 8286.9
0.2716 10683.3
0.272 10453
0.2724 9564.76
0.2728 8566.89
0.2732 8752.77
0.2736 9533.53
0.274 9936.36
0.2744 8900.07
0.2748 11118.6
0.2752 10587.5
0.2756 10927.7
0.276 9653.78
0.2764 9893.64
0.2768 10192.6
0.2772 9614.53
0.2776 8381.6
0.278 8931.29
0.2784 9617.03
0.2788 6752.31
0.2792 7751.83
0.2796 6553.84
0.28 6658.2
0.2804 7611.19
0.2808 8250.23
0.2812 7066.5
0.2816 8973.06
0.282 9633.84
0.2824 8976.07
0.2828 9706.91
0.2832 10055.5
0.2836 9138.92
0.284 8442.46
0.2844 7829.93
0.2848 8263.76
0.2852 7356.68
0.2856 8084.06
0.286 9719.31
0.2864 9717.64
0.2868 9534.38
0.2872 10390.2
0.2876 9131.53
0.288 8877.22
0.2884 8778.76
0.2888 9681.85
0.2892 8642.13
0.2896 9372.88
0.29 8084.86
0.2904 9000.89
0.2908 10463.3
0.2912 7985.6
0.2916 8403.94
0.292 8735.32
0.2924 8097.35
0.2928 9771.8
0.2932 9009.73
0.2936 8192.43
0.294 8694.39
0.2944 9437.47
0.2948 8510.73
0.2952 8489.83
0.2956 8763.1
0.296 8938.88
0.2964 7842.02
0.2968 8602.6
0.2972 8339.62
0.2976 9027.58
0.298 8611.68
0.2984 8473.7
0.2988 8840.17
0.2992 8341.14
0.2996 7983.57
0.3 7936.41
0.3004 8349.43
0.3008 8228.19
0.3012 8769.96
0.3016 8903.73
0.302 8272.62
0.3024 9236.24
0.3028 8111.61
0.3032 7093.75
0.3036 8185.13
0.304 7061.08
0.3044 8592.35
0.3048 5788.88
0.3052 8871.98
0.3056 7961.42
0.306 8315.88
0.3064 10528.1
0.3068 8454.67
0.3072 8070.77
0.3076 7800.9
0.308 9263.08
0.3084 6996.76
0.3088 9212.5
0.3092 8902.63
0.3096 8526.61
0.31 8078.52
0.3104 6656.44
0.3108 9670.89
0.3112 8449.97
0.3116 7760.74
0.312 9798.18
0.3124 6179.11
0.3128 7350.71
0.3132 7764.79
0.3136 8168.55
0.314 8059.04
0.3144 9002.93
0.3148 7838.24
0.3152 7043.31
0.3156 6706.21
0.316 6204.28
0.3164 6134.41
0.3168 6211.55
0.3172 10459.7
0.3176 12059.1
0.318 13029.4
0.3184 3193.1
0.3188 9765.03
0.3192 7031.91
0.3196 7639.19
0.32 10465.3
0.3204 9904.1
0.3208 8387.35
0.3212 9135.99
0.3216 5124.23
0.322 9150.81
0.3224 5618.25
0.3228 9029.38
0.3232 7270.06
0.3236 4190.55
0.324 6947.03
0.3244 7529.09
0.3248 10035.9
0.3252 16793.5
0.3256 11339.6
0.326 10474.6
0.3264 10916.9
0.3268 8896.71
0.3272 6846.93
0.3276 8114.51
0.328 10183.6
0.3284 7785.13
0.3288 8248.16
0.3292 10189.9
0.3296 6919.63
0.33 9480.7
0.3304 10036.7
0.3308 12200.6
0.3312 11032.8
0.3316 6662.33
0.332 7934.65
0.3324 8204.34
0.3328 9172.35
0.3332 12026.3
0.3336 11664.8
0.334 10415.8
0.3344 8338.74
0.3348 8049.27
0.3352 7914.81
0.3356 9864.44
0.336 10876.1
0.3364 8843.85
0.3368 9390.35
0.3372 33760.3
0.3376 15954.8
0.338 8715.94
0.3384 8877.94
0.3388 9178.28
0.3392 9908.04
0.3396 11709
0.34 9852.69
0.3404 9743.78
0.3408 7393.48
0.3412 10546.1
0.3416 10606.6
0.342 8978.32
0.3424 10025.5
0.3428 10416.4
0.3432 8352.46
0.3436 7999.11
0.344 7888.77
0.3444 7913.22
0.3448 9880.6
0.3452 8207.97
0.3456 6924.47
0.346 7718.1
0.3464 8338.01
0.3468 8136.03
0.3472 9875.32
0.3476 9190.18
0.348 8497.14
0.3484 8415.18
0.3488 7952.14
0.3492 9559.99
0.3496 10268.8
0.35 9457.8
0.3504 9979.9
0.3508 8733.88
0.3512 9024.29
0.3516 8125.34
0.352 8459.21
0.3524 9921.68
0.3528 11345.9
0.3532 10790.6
0.3536 8427.15
0.354 7862.94
0.3544 7326.31
0.3548 6821.61
0.3552 10209.5
0.3556 10424.5
0.356 7466.58
0.3564 7424.11
0.3568 6549.55
0.3572 7624.36
0.3576 6705.94
0.358 9245.49
0.3584 7653.24
0.3588 8740.5
0.3592 9772.73
0.3596 8632.32
0.36 7761.92
0.3604 8236.54
0.3608 9272.68
0.3612 8544.92
0.3616 7366.11
0.362 8543.33
0.3624 9558.06
0.3628 8729.87
0.3632 8821.19
0.3636 8343.45
0.364 8374.12
0.3644 8619.15
0.3648 9083.68
0.3652 6809.45
0.3656 6500.96
0.366 8024.49
0.3664 7586.19
0.3668 8079.64
0.3672 9374.98
0.3676 9241.56
0.368 9473.01
0.3684 9298.22
0.3688 7562.19
0.3692 8345.98
0.3696 9035.56
0.37 9858.32
0.3704 9679.44
0.3708 9482.26
0.3712 9370.83
0.3716 11344.1
0.372 18601.2
0.3724 35501
0.3728 43024.6
0.3732 32450.6
0.3736 27263.3
0.374 22380.6
0.3744 13896.1
0.3748 9777.71
0.3752 9672.92
0.3756 9365.07
0.376 9103.03
0.3764 9425.11
0.3768 9618.28
0.3772 9461.38
0.3776 9241.43
0.378 10049.5
0.3784 10096.7
0.3788 9648.1
0.3792 9566.82
0.3796 9076.54
0.38 9035.64
0.3804 9298.73
0.3808 10340
0.3812 10479.6
0.3816 9920.67
0.382 9778.85
0.3824 9042.62
0.3828 8996.5
0.3832 9273.89
0.3836 10699.7
0.384 10921.4
0.3844 10123.2
0.3848 9196.72
0.3852 9340.77
0.3856 10784.3
0.386 11597.4
0.3864 14025.3
0.3868 17395.1
0.3872 15317.3
0.3876 13363.7
0.388 13255.3
0.3884 12443.7
0.3888 11696
0.3892 11293
0.3896 11045.5
0.39 10850.3
0.3904 10301.4
0.3908 10340.8
0.3912 10140.6
0.3916 10100.7
0.392 10389.3
0.3924 10350.6
0.3928 10036.9
0.3932 9716.49
0.3936 9197.18
0.394 9457.59
0.3944 10579.8
0.3948 10896.9
0.3952 10782.9
0.3956 10567.3
0.396 10494.5
0.3964 11992.8
0.3968 13696.2
0.3972 13332.7
0.3976 12470.6
0.398 11882.8
0.3984 10888.9
0.3988 10049.2
0.3992 9635.34
0.3996 10239.1
0.4 10458
0.4004 10858.4
0.4008 11521.9
0.4012 11408.5
0.4016 11304.5
0.402 11467
0.4024 10920.9
0.4028 9983.63
0.4032 9861.8
0.4036 10263.2
0.404 10939.4
0.4044 10890
0.4048 10796.4
0.4052 11272.2
0.4056 11401.4
0.406 10460.4
0.4064 10218.7
0.4068 10455.1
0.4072 10528.5
0.4076 10150.7
0.408 9566.68
0.4084 9620.77
0.4088 9663.82
0.4092 9880.99
0.4096 11692.4
0.41 14006.9
0.4104 13382
0.4108 12376.6
0.4112 11862.8
0.4116 11377.8
0.412 10775
0.4124 10702.1
0.4128 10771.1
0.4132 10360.1
0.4136 9807.4
0.414 10060.3
0.4144 10391.1
0.4148 9866.68
0.4152 9837.18
0.4156 9856.4
0.416 10407.7
0.4164 10177.5
0.4168 9882.6
0.4172 9592.15
0.4176 9512.76
0.418 10499.8
0.4184 11286.8
0.4188 11593.9
0.4192 10841.9
0.4196 10465.5
0.42 10468.6
0.4204 10268.5
0.4208 10541.6
0.4212 10435.2
0.4216 10346.4
0.422 10601
0.4224 10489.1
0.4228 10121.8
0.4232 10665.3
0.4236 10424
0.424 9887.88
0.4244 9867.94
0.4248 10383.6
0.4252 10887.2
0.4256 10683.1
0.426 10639.3
0.4264 11134.1
0.4268 11311.9
0.4272 11176.8
0.4276 10974.3
0.428 10459
0.4284 10407.8
0.4288 10335.8
0.4292 10134.1
0.4296 9967.02
0.43 9686.65
0.4304 9410.93
0.4308 9502.44
0.4312 9768.29
0.4316 10537.2
0.432 11128.9
0.4324 11010.8
0.4328 10760.5
0.4332 11325.2
0.4336 14872.9
0.434 18084.2
0.4344 15116.4
0.4348 13514.8
0.4352 14664.6
0.4356 13058.3
0.436 11413.5
0.4364 11096.5
0.4368 11407.4
0.4372 11349.5
0.4376 10412.3
0.438 10474.8
0.4384 10738.4
0.4388 10600
0.4392 10660.1
0.4396 11371.3
0.44 10577.3
0.4404 9946.5
0.4408 9903.53
0.4412 10201.2
0.4416 10138.3
0.442 9843.24
0.4424 10583.2
0.4428 10507
0.4432 9978.64
0.4436 9848.1
0.444 10135.1
0.4444 10336.8
0.4448 10461
0.4452 10175.8
0.4456 9863.02
0.446 9723.26
0.4464 10015.5
0.4468 10976.6
0.4472 11619.7
0.4476 11043.3
0.448 10694.2
0.4484 10368.8
0.4488 9923.6
0.4492 10225.5
0.4496 10620.1
0.45 10699.2
0.4504 10847.5
0.4508 10899.5
0.4512 11310.9
0.4516 11299.3
0.452 10780.4
0.4524 10543.1
0.4528 10755.9
0.4532 10442.8
0.4536 11082.8
0.454 10878.9
0.4544 10297.6
0.4548 10294.2
0.4552 10710.8
0.4556 10512.5
0.456 10075.8
0.4564 9781.43
0.4568 10041.8
0.4572 10213
0.4576 10522.4
0.458 10431.7
0.4584 9894.14
0.4588 9553.45
0.4592 9987.87
0.4596 10557.4
0.46 9929.06
0.4604 9930.08
0.4608 10273
0.4612 9426.91
0.4616 10375.6
0.462 10739.1
0.4624 10592.7
0.4628 9662.81
0.4632 9798.75
0.4636 10252.3
0.464 10646.5
0.4644 11062.2
0.4648 10851.9
0.4652 10928.9
0.4656 10666
0.466 10575.5
0.4664 10937.9
0.4668 10682.7
0.4672 10727.1
0.4676 10567.1
0.468 11191.7
0.4684 11298.7
0.4688 11028.3
0.4692 10799.8
0.4696 10949.1
0.47 10575.5
0.4704 10257.9
0.4708 10808.9
0.4712 11453.1
0.4716 10527.9
0.472 10122.1
0.4724 9969.31
0.4728 10485.1
0.4732 10389.2
0.4736 10204.7
0.474 10129.8
0.4744 10020.5
0.4748 10170.1
0.4752 10116.4
0.4756 9606.33
0.476 10172.3
0.4764 9964.51
0.4768 9946.2
0.4772 10663.4
0.4776 10855.9
0.478 10448.8
0.4784 10156.5
0.4788 10139.5
0.4792 10472.2
0.4796 10048.9
0.48 9794.1
0.4804 10034.5
0.4808 10357.9
0.4812 10741.3
0.4816 10468.7
0.482 10064.7
0.4824 9923.37
0.4828 9872.05
0.4832 10257.9
0.4836 10361.3
0.484 10359.7
0.4844 10269
0.4848 10729.4
0.4852 12491.6
0.4856 20564.3
0.486 32659.7
0.4864 30513.5
0.4868 20654.4
0.4872 19979
0.4876 19949.6
0.488 15091.7
0.4884 12247.2
0.4888 10972.6
0.4892 10783.6
0.4896 10628.1
0.49 10660
0.4904 10320.7
0.4908 10432.3
0.4912 10109.9
0.4916 10015.3
0.492 9721.66
0.4924 9746.83
0.4928 10116.9
0.4932 10346.1
0.4936 10169.3
0.494 10483.8
0.4944 10961.4
0.4948 12256.1
0.4952 20566.2
0.4956 40628.3
0.496 48917.8
0.4964 32932.7
0.4968 21732.3
0.4972 22062.4
0.4976 18355.2
0.498 13265.9
0.4984 11536.1
0.4988 11378.9
0.4992 12734.7
0.4996 16939.5
0.5 42183.6
0.5004 105416
0.5008 133838
0.5012 82311.5
0.5016 46574.8
0.502 45821.8
0.5024 33610.4
0.5028 18285.3
0.5032 13392.6
0.5036 11919.3
0.504 10959
0.5044 11007.4
0.5048 10888.4
0.5052 10717.2
0.5056 10463.5
0.506 10085.7
0.5064 9777.47
0.5068 9747
0.5072 10401.9
0.5076 10255.4
0.508 9927.83
0.5084 9883.45
0.5088 10162.8
0.5092 10124.6
0.5096 9997.13
0.51 10077.1
0.5104 9572.14
0.5108 9673.44
0.5112 9885.87
0.5116 10305.4
0.512 10781.2
0.5124 10606.9
0.5128 10365.9
0.5132 9943.28
0.5136 9908.84
0.514 9886.74
0.5144 9264.07
0.5148 9677.72
0.5152 10249
0.5156 10063.6
0.516 9772.12
0.5164 9438.08
0.5168 9808.13
0.5172 9999.29
0.5176 9816.02
0.518 9679.3
0.5184 9321.84
0.5188 9067.1
0.5192 9501.06
0.5196 10014
0.52 9619.53
0.5204 8860.23
0.5208 9059.59
0.5212 9641.29
0.5216 9833.66
0.522 9579.08
0.5224 9407.62
0.5228 9272.14
0.5232 9078.02
0.5236 8983.1
0.524 9864.85
0.5244 10219.6
0.5248 9471.41
0.5252 8915.37
0.5256 9783.8
0.526 10018.9
0.5264 9668.32
0.5268 9178.96
0.5272 9282.02
0.5276 8976.2
0.528 9020.28
0.5284 9378.43
0.5288 7888.32
0.5292 7759.21
0.5296 9848.88
0.53 9909.67
0.5304 7223.39
0.5308 6540.91
0.5312 7227.4
0.5316 9043.83
0.532 9104.14
0.5324 8520.5
0.5328 8729.92
0.5332 9095.66
0.5336 8776.23
0.534 8836.45
0.5344 9244.94
0.5348 9999.26
0.5352 9971.67
0.5356 9585.36
0.536 9898.55
0.5364 9671.74
0.5368 9344.2
0.5372 9346.71
0.5376 9491.92
0.538 9814.23
0.5384 10211.7
0.5388 9984
0.5392 10743.2
0.5396 10159.1
0.54 9222.21
0.5404 9278.31
0.5408 9458.45
0.5412 10009.4
0.5416 7764.22
0.542 8218.27
0.5424 10361.5
0.5428 8358.76
0.5432 6779.1
0.5436 7300.93
0.544 8794.99
0.5444 8867.44
0.5448 8673.76
0.5452 9979.66
0.5456 9467.19
0.546 8962.19
0.5464 8901.46
0.5468 8997.32
0.5472 9596.75
0.5476 9343.05
0.548 8087.2
0.5484 7949.45
0.5488 6723.84
0.5492 7108.38
0.5496 8476.59
0.55 8318.76
0.5504 6973.58
0.5508 6252.82
0.5512 8946.21
0.5516 9545.3
0.552 9459.21
0.5524 9599.62
0.5528 9345.01
0.5532 9163.44
0.5536 9333.97
0.554 9760.41
0.5544 9468.34
0.5548 8573.36
0.5552 8107.5
0.5556 8939.84
0.556 9486.57
0.5564 9287.19
0.5568 9147.99
0.5572 9099.33
0.5576 9740.23
0.558 9808.06
0.5584 9458.24
0.5588 9229.27
0.5592 9038.77
0.5596 9362.84
0.56 9564.05
0.5604 9138.38
0.5608 8612.29
0.5612 8791.37
0.5616 9631.39
0.562 8845.12
0.5624 9391.17
0.5628 9545.83
0.5632 8985.45
0.5636 8898.62
0.564 9153.61
0.5644 9247.22
0.5648 9588
0.5652 10063.9
0.5656 9472.52
0.566 9011.71
0.5664 9706.95
0.5668 9011.4
0.5672 8444.92
0.5676 8564.21
0.568 8945.8
0.5684 8748.41
0.5688 8226.45
0.5692 8215.42
0.5696 8688.91
0.57 8210.5
0.5704 8810.25
0.5708 8975.22
0.5712 9102.51
0.5716 9081.68
0.572 9538.79
0.5724 8882.83
0.5728 8391.83
0.5732 8645.38
0.5736 8757.39
0.574 9719.71
0.5744 9654.16
0.5748 9127.3
0.5752 8976.22
0.5756 8993.36
0.576 9997.43
0.5764 9806.65
0.5768 9198.03
0.5772 8423.15
0.5776 8812.81
0.578 8802.02
0.5784 8991.85
0.5788 9211.62
0.5792 9284.95
0.5796 8251.65
0.58 8347.15
0.5804 8582.86
0.5808 9220.1
0.5812 9360.3
0.5816 9598.96
0.582 9239.27
0.5824 8826.38
0.5828 9383.38
0.5832 9300.76
0.5836 8573.72
0.584 8236.78
0.5844 8787.85
0.5848 8568.78
0.5852 8691.89
0.5856 8852.25
0.586 9124.2
0.5864 9209.04
0.5868 9803.78
0.5872 10470.2
0.5876 11001
0.588 10516.2
0.5884 9626.11
0.5888 9072.26
0.5892 9310.34
0.5896 8631.01
0.59 8694.72
0.5904 8154.77
0.5908 7819.04
0.5912 8276.47
0.5916 8684.54
0.592 8605.66
0.5924 8446.27
0.5928 8250.9
0.5932 9168.28
0.5936 8835.28
0.594 9202.43
0.5944 7940.22
0.5948 8009.45
0.5952 7698.12
0.5956 8054.74
0.596 8273.43
0.5964 8299.9
0.5968 8162.6
0.5972 8671.86
0.5976 8687.86
0.598 9353.29
0.5984 9346.34
0.5988 8499.44
0.5992 8951.01
0.5996 9101.16
0.6 8317.58
0.6004 7801.02
0.6008 8110.21
0.6012 8423.43
0.6016 8795.15
0.602 8820.54
0.6024 9189.41
0.6028 8862.34
0.6032 8958.82
0.6036 8920.69
0.604 8769.55
0.6044 8443.21
0.6048 8725.78
0.6052 8331.45
0.6056 9240.95
0.606 9403.98
0.6064 9344.09
0.6068 9027.88
0.6072 9236.92
0.6076 9657.04
0.608 9309.26
0.6084 9078.47
0.6088 8520.51
0.6092 8614.2
0.6096 8248.29
0.61 8146.9
0.6104 8875.81
0.6108 8395.16
0.6112 8444.88
0.6116 9192.06
0.612 9426.99
0.6124 8470.74
0.6128 8701.85
0.6132 8524.47
0.6136 8563.44
0.614 8915.5
0.6144 9466.31
0.6148 9042.37
0.6152 8822.03
0.6156 8879.94
0.616 8923.09
0.6164 8637.2
0.6168 8603.97
0.6172 8933.78
0.6176 8630.61
0.618 9193.9
0.6184 8560.35
0.6188 8168.66
0.6192 8824.3
0.6196 8807.98
0.62 9118.94
0.6204 8386.02
0.6208 7775.8
0.6212 7629.51
0.6216 8424.31
0.622 7934.93
0.6224 7347.3
0.6228 7418.32
0.6232 8591.1
0.6236 8290.61
0.624 7835.38
0.6244 8038.83
0.6248 7888.23
0.6252 7233.88
0.6256 7807.27
0.626 8653.32
0.6264 8682.27
0.6268 8783.15
0.6272 8789.56
0.6276 8710.78
0.628 7953.77
0.6284 7495.29
0.6288 8487.27
0.6292 8954.82
0.6296 8976.65
0.63 9418.49
0.6304 9906.58
0.6308 10111.8
0.6312 9012.95
0.6316 9389.35
0.632 9674.71
0.6324 9575.09
0.6328 8832.1
0.6332 8634.46
0.6336 8572.26
0.634 8664.94
0.6344 8380.74
0.6348 8406.39
0.6352 8158.13
0.6356 8189.47
0.636 8439.56
0.6364 8887.76
0.6368 8911.99
0.6372 9205.34
0.6376 8629.76
0.638 8218.98
0.6384 7332.01
0.6388 7744.68
0.6392 7452.16
0.6396 7230.65
0.64 6885.38
0.6404 7607.93
0.6408 6781.14
0.6412 6411.77
0.6416 7028.99
0.642 7490.11
0.6424 6953.9
0.6428 6145.54
0.6432 7037.76
0.6436 8121.41
0.644 8165.14
0.6444 7919.3
0.6448 7933.84
0.6452 7969.8
0.6456 8408.94
0.646 8829.18
0.6464 9349.39
0.6468 8791.29
0.6472 8068.56
0.6476 8495.53
0.648 8184.16
0.6484 7821.61
0.6488 7630.83
0.6492 8413.1
0.6496 8761.38
0.65 7892.46
0.6504 7913.19
0.6508 7704.32
0.6512 7964.66
0.6516 8665.61
0.652 7676.06
0.6524 8338.38
0.6528 9519.42
0.6532 9941.38
0.6536 10908
0.654 11086.7
0.6544 12152
0.6548 19920.5
0.6552 38470
0.6556 51030.2
0.656 57273.4
0.6564 83463.3
0.6568 87435.6
0.6572 54816.6
0.6576 44573.2
0.658 64685.8
0.6584 55846.1
0.6588 27897.7
0.6592 15990.4
0.6596 14407.1
0.66 16666.3
0.6604 14987.8
0.6608 10357.3
0.6612 7948.98
0.6616 8084.36
0.662 8745.1
0.6624 8177.79
0.6628 7481.87
0.6632 8101.48
0.6636 8431.59
0.664 7880.84
0.6644 8972.83
0.6648 8632.31
0.6652 7982.41
0.6656 6849.84
0.666 6509.49
0.6664 6749.71
0.6668 7941.62
0.6672 9489.19
0.6676 10104.2
0.668 9905.95
0.6684 10126.8
0.6688 9686.26
0.6692 8161.14
0.6696 9526.67
0.67 9277
0.6704 8962.32
0.6708 11312.2
0.6712 13349.1
0.6716 15378.2
0.672 16562.5
0.6724 16003.8
0.6728 15594.7
0.6732 16905.1
0.6736 16949.2
0.674 13939.5
0.6744 12608.7
0.6748 13041.2
0.6752 11720.5
0.6756 9782.76
0.676 8146.62
0.6764 7422.63
0.6768 7422.57
0.6772 8241.69
0.6776 10459.9
0.678 10381.9
0.6784 8032.31
0.6788 7762.39
0.6792 7846.62
0.6796 8127.77
0.68 7962.08
0.6804 8869.65
0.6808 7587.07
0.6812 6919.43
0.6816 6684.86
0.682 6254.59
0.6824 7489.13
0.6828 8457.37
0.6832 8769.35
0.6836 7811.44
0.684 6344.87
0.6844 6658.27
0.6848 8141.22
0.6852 11188.5
0.6856 9896.34
0.686 6256.01
0.6864 6518.58
0.6868 7564.59
0.6872 7523.51
0.6876 7741.69
0.688 5579.68
0.6884 6916.26
0.6888 10456.9
0.6892 7614.97
0.6896 8616.03
0.69 7399.52
0.6904 6877.19
0.6908 7681.64
0.6912 7221.45
0.6916 6789.95
0.692 7973.61
0.6924 8981.14
0.6928 7877.02
0.6932 7265.09
0.6936 5916.02
0.694 4165.55
0.6944 8261.38
0.6948 8407.05
0.6952 7468.69
0.6956 7817.6
0.696 7726.05
0.6964 7430.63
0.6968 5766.52
0.6972 8498.16
0.6976 9740.97
0.698 9010.21
0.6984 9645.92
0.6988 7721.21
0.6992 9616.07
0.6996 9088.33
0.7 4877.42
0.7004 3828.74
0.7008 8169.53
0.7012 10952.2
0.7016 10245.9
0.702 9841.73
0.7024 10513.4
0.7028 11732.8
0.7032 10240.6
0.7036 8978.08
0.704 8113.33
0.7044 11301.8
0.7048 10046.2
0.7052 7146.98
0.7056 6030.25
0.706 5994.12
0.7064 8142.09
0.7068 8535.69
0.7072 11302
0.7076 10235.7
0.708 9599.59
0.7084 12018.6
0.7088 12426.2
0.7092 10842.6
0.7096 9120.21
0.71 3814.91
0.7104 4780.32
0.7108 6784.58
0.7112 9928.12
0.7116 9381.02
0.712 9391.71
0.7124 8284.94
0.7128 8957.31
0.7132 14996
0.7136 15072.3
0.714 11319.2
0.7144 6514.66
0.7148 8798.62
0.7152 11717.3
0.7156 9158.47
0.716 4393.77
0.7164 7513.71
0.7168 4567.71
0.7172 7795.07
0.7176 7460.87
0.718 9513.07
0.7184 10215.3
0.7188 8069.24
0.7192 11520.2
0.7196 7581.64
0.72 6718.47
0.7204 4378.8
0.7208 12210.1
0.7212 7181.98
0.7216 8282.25
0.722 6870.42
0.7224 11693.7
0.7228 14701.8
0.7232 11831.7
0.7236 3597.64
0.724 7481.99
0.7244 9884.72
0.7248 10436.1
0.7252 12731.5
0.7256 17680.2
0.726 11106.1
0.7264 8977.33
0.7268 13116.5
0.7272 11960.4
0.7276 9067.01
0.728 5671.9
0.7284 5388.75
0.7288 6233.09
0.7292 5094.27
0.7296 9766.67
0.73 8509.64
0.7304 8141.35
0.7308 7816.76
0.7312 9168.12
0.7316 10011.2
0.732 9903.47
0.7324 9448.78
0.7328 9798.21
0.7332 8584.36
0.7336 8672.59
0.734 8453.14
0.7344 7816.99
0.7348 8277.32
0.7352 8611.74
0.7356 8289.73
0.736 8608.98
0.7364 8444.32
0.7368 8392.84
0.7372 8739.36
0.7376 8592.3
0.738 8939.31
0.7384 8700.88
0.7388 7951.84
0.7392 8559.95
0.7396 8236.14
0.74 8452.19
0.7404 8228.48
0.7408 8239.17
0.7412 8281.16
0.7416 8479.8
0.742 8056.41
0.7424 8472.37
0.7428 8030.59
0.7432 8339.37
0.7436 8139.29
0.744 8127.52
0.7444 8818.58
0.7448 8721.78
0.7452 7995.46
0.7456 7101.92
0.746 7780.4
0.7464 8342.53
0.7468 8479.49
0.7472 8253.7
0.7476 8564.4
0.748 8363.24
0.7484 8446.31
0.7488 8021.24
0.7492 8567.5
0.7496 8363.63
0.75 8001.17
0.7504 8389.84
0.7508 8518.46
0.7512 8524.85
0.7516 8277.32
0.752 8154.28
0.7524 8255.8
0.7528 8375.59
0.7532 8479.59
0.7536 8247.27
0.754 8658.36
0.7544 8161.89
0.7548 8657.61
0.7552 8597.99
0.7556 8864.25
0.756 8788.71
0.7564 9349.67
0.7568 9429.53
0.7572 8552.43
0.7576 7788.66
0.758 7748.9
0.7584 8091.15
0.7588 8257.5
0.7592 8801.9
0.7596 8615.92
0.76 8996
0.7604 8903.96
0.7608 8072.83
0.7612 8028.42
0.7616 7745.02
0.762 8907.13
0.7624 8729.67
0.7628 9023.72
0.7632 8627.41
0.7636 8560.07
0.764 8958.17
0.7644 8584.24
0.7648 8288.35
0.7652 7971.36
0.7656 7933.48
0.766 8528.67
0.7664 8266.77
0.7668 9198.13
0.7672 8790.49
0.7676 8669.54
0.768 8569.3
0.7684 8475.9
0.7688 8537.77
0.7692 8455.84
0.7696 8654.72
0.77 9185.94
0.7704 8558.07
0.7708 8985.15
0.7712 8021.5
0.7716 8402.17
0.772 8482.82
0.7724 8724.3
0.7728 8655.98
0.7732 8967.77
0.7736 8857.47
0.774 8674.68
0.7744 10005.4
0.7748 9797.29
0.7752 9357.44
0.7756 9031.77
0.776 9134.11
0.7764 8852.46
0.7768 9235.99
0.7772 8110.08
0.7776 8280.14
0.778 8293.13
0.7784 8176.97
0.7788 8814.79
0.7792 8809.24
0.7796 8761.33
0.78 8732.18
0.7804 8792.46
0.7808 8916.36
0.7812 8962.62
0.7816 8487.87
0.782 8458.44
0.7824 8733.42
0.7828 8628.52
0.7832 8622.7
0.7836 9486.73
0.784 9426.94
0.7844 9033.42
0.7848 8173.14
0.7852 7252.75
0.7856 8888.39
0.786 9027.23
0.7864 8914.75
0.7868 9345.63
0.7872 8691.75
0.7876 8664.41
0.788 8741.61
0.7884 8010.28
0.7888 8042
0.7892 8426.05
0.7896 8877.18
0.79 8513.76
0.7904 8884.29
0.7908 8949.85
0.7912 8905.68
0.7916 8983.21
0.792 8573.45
0.7924 8244.53
0.7928 8415.07
0.7932 8461.36
0.7936 8045.66
0.794 8051.05
0.7944 8329.62
0.7948 8320.76
0.7952 8520.55
0.7956 8857.33
0.796 8298.81
0.7964 8486.83
0.7968 8420.26
0.7972 8079.46
0.7976 7986.1
0.798 8528.15
0.7984 8420.46
0.7988 8394.55
0.7992 8209.5
0.7996 8250.99
0.8 8427.62
0.8004 8488.53
0.8008 8679.93
0.8012 7948.26
0.8016 8603.81
0.802 8572.94
0.8024 7886.05
0.8028 8358.46
0.8032 8891.89
0.8036 7615.04
0.804 7479.22
0.8044 8699.65
0.8048 9018.17
0.8052 8652.05
0.8056 8725.39
0.806 8307.65
0.8064 8354.11
0.8068 8405.45
0.8072 8405.69
0.8076 8064.86
0.808 7896.73
0.8084 9008.64
0.8088 7630.65
0.8092 8750.82
0.8096 9202.92
0.81 8326.26
0.8104 8666.12
0.8108 8715.24
0.8112 8656.73
0.8116 8519.8
0.812 8740.32
0.8124 8983.11
0.8128 8618.06
0.8132 8860.97
0.8136 8564.18
0.814 7658.13
0.8144 8426.6
0.8148 8394.55
0.8152 8394.42
0.8156 8458.23
0.816 8536.86
0.8164 9445.47
0.8168 9049.08
0.8172 8925.92
0.8176 8869.2
0.818 9160.32
0.8184 9641.81
0.8188 9078.97
0.8192 9662.15
0.8196 8107.33
0.82 7537.9
0.8204 7742.49
0.8208 7937.37
0.8212 7862.4
0.8216 8639.89
0.822 9599.14
0.8224 7865.17
0.8228 8343.42
0.8232 8588.7
0.8236 8866.5
0.824 9159.45
0.8244 8778.75
0.8248 7880.14
0.8252 8611.09
0.8256 8737.56
0.826 7777.76
0.8264 8502.18
0.8268 7578.72
0.8272 8208.88
0.8276 8235.49
0.828 7884.96
0.8284 8716.04
0.8288 7737.83
0.8292 7484.05
0.8296 8954.21
0.83 8410.28
0.8304 7392.4
0.8308 7448.62
0.8312 7948.67
0.8316 7867.22
0.832 8295.14
0.8324 7701.48
0.8328 8071.93
0.8332 7902.31
0.8336 8504.49
0.834 8508.48
0.8344 8693.66
0.8348 8690.14
0.8352 7505.01
0.8356 7609.25
0.836 8323.86
0.8364 8196.45
0.8368 7967.92
0.8372 7418.42
0.8376 8240.35
0.838 8716.71
0.8384 8508.14
0.8388 8813.01
0.8392 9011.8
0.8396 8405.37
0.84 7555.12
0.8404 8691.51
0.8408 8639.45
0.8412 8633.01
0.8416 8128.93
0.842 8802.88
0.8424 9037.85
0.8428 8446.74
0.8432 8480.77
0.8436 8344.33
0.844 8263.72
0.8444 8695
0.8448 9307.62
0.8452 7939.76
0.8456 8277.05
0.846 8504.93
0.8464 8148.3
0.8468 7908.82
0.8472 8849.79
0.8476 8321.44
0.848 7204.24
0.8484 7657.34
0.8488 8231.16
0.8492 8697.92
0.8496 8575.67
0.85 7227.64
0.8504 7615
0.8508 7635.72
0.8512 8598.74
0.8516 7921.15
0.852 8317.21
0.8524 8862.73
0.8528 7970.73
0.8532 8287.53
0.8536 6701.71
0.854 8009.95
0.8544 6608.08
0.8548 8115.99
0.8552 7914.95
0.8556 8183.45
0.856 8152.61
0.8564 8814.08
0.8568 8357.05
0.8572 8015.9
0.8576 8486.73
0.858 7870.97
0.8584 8445.69
0.8588 8122.01
0.8592 8344.89
0.8596 8236.02
0.86 9364.49
0.8604 8132.17
0.8608 9072.02
0.8612 8129.32
0.8616 8511.24
0.862 8370.82
0.8624 8495.61
0.8628 8737.63
0.8632 8607.47
0.8636 8464.16
0.864 8052.26
0.8644 8122.32
0.8648 8422
0.8652 7492.69
0.8656 7904.58
0.866 8954.25
0.8664 9205.14
0.8668 8444.32
0.8672 7601.71
0.8676 8556.27
0.868 8377.93
0.8684 8825.49
0.8688 8005
0.8692 8041.1
0.8696 8121.82
0.87 8412.55
0.8704 9604.08
0.8708 8687.39
0.8712 8949.82
0.8716 9917.07
0.872 8630.94
0.8724 8848.9
0.8728 7826.97
0.8732 8524.11
0.8736 7711.89
0.874 8549.29
0.8744 8944.34
0.8748 8838.34
0.8752 10332.1
0.8756 7667.2
0.876 8651.76
0.8764 8302.13
0.8768 8013
0.8772 8850.83
0.8776 8942.85
0.878 8449.63
0.8784 8178.51
0.8788 10072.9
0.8792 8701.62
0.8796 8326.72
0.88 7810.75
0.8804 7286.34
0.8808 8400.77
0.8812 9287.58
0.8816 8677.97
0.882 8461.55
0.8824 8314.11
0.8828 8435.49
0.8832 6223.13
0.8836 7540.39
0.884 8344.19
0.8844 8615.13
0.8848 7469.03
0.8852 7865.29
0.8856 9469.37
0.886 8835.2
0.8864 7237.88
0.8868 9108.62
0.8872 8625.93
0.8876 9342.3
0.888 8754.77
0.8884 8129.18
0.8888 8377.05
0.8892 8651.95
0.8896 7786.58
0.89 9017.18
0.8904 9306.11
0.8908 8326.96
0.8912 9425
0.8916 9601.49
0.892 10060.6
0.8924 8818.91
0.8928 7656.82
0.8932 7582.19
0.8936 9070.91
0.894 9182.9
0.8944 9149.27
0.8948 8721.53
0.8952 8711.95
0.8956 8869.83
0.896 8433.24
0.8964 9318.49
0.8968 7999.76
0.8972 7954.58
0.8976 7424.66
0.898 8056.35
0.8984 8200.79
0.8988 8255.86
0.8992 8763.95
0.8996 8827.44
0.9 7943.48
0.9004 8397.73
0.9008 8287.2
0.9012 9065.49
0.9016 8802.81
0.902 7628.39
0.9024 6752.33
0.9028 7776.36
0.9032 8199.18
0.9036 8685.04
0.904 8481.4
0.9044 9226.97
0.9048 8906
0.9052 10097.5
0.9056 11773.5
0.906 16719.6
0.9064 24573.8
0.9068 24857.8
0.9072 14737.6
0.9076 9265.49
0.908 8743.36
0.9084 8785.23
0.9088 7637.35
0.9092 7717.15
0.9096 10000.3
0.91 8892.56
0.9104 9739.18
0.9108 8394.06
0.9112 7974.05
0.9116 8978.09
0.912 7562.05
0.9124 7845.66
0.9128 8283.72
0.9132 7501.81
0.9136 8314.87
0.914 5577.49
0.9144 7068.94
0.9148 7157.09
0.9152 9169.54
0.9156 8540.57
0.916 9063.26
0.9164 7283.72
0.9168 6249.29
0.9172 6616.7
0.9176 7081.31
0.918 8346.59
0.9184 7103.02
0.9188 8122.73
0.9192 7876.15
0.9196 7485.11
0.92 10687.6
0.9204 6416
0.9208 4954.4
0.9212 7048.42
0.9216 7095.36
0.922 9562.01
0.9224 12854.4
0.9228 24394.8
0.9232 21260.6
0.9236 16396.4
0.924 8684.94
0.9244 6805.85
0.9248 6889.06
0.9252 7379.8
0.9256 6804.38
0.926 6401.64
0.9264 10916.9
0.9268 8130.8
0.9272 8472.08
0.9276 6927.7
0.928 7576.66
0.9284 9581.63
0.9288 9100.37
0.9292 8534.61
0.9296 7786.09
0.93 8363.84
0.9304 9685.83
0.9308 8861.01
0.9312 4754.57
0.9316 6776.44
0.932 10408.2
0.9324 5532.05
0.9328 9858.54
0.9332 8294.09
0.9336 6700.13
0.934 6555.78
0.9344 8322.34
0.9348 8226.49
0.9352 8432.4
0.9356 9567.01
0.936 9626.85
0.9364 8390.21
0.9368 10001
0.9372 7754.17
0.9376 7751.1
0.938 8322.41
0.9384 7427.89
0.9388 9231.43
0.9392 7727.41
0.9396 7647.78
0.94 8724.97
0.9404 7945.02
0.9408 7226.83
0.9412 7706.15
0.9416 7274.13
0.942 5330.02
0.9424 9038.53
0.9428 9411.36
0.9432 7351.87
0.9436 7086.71
0.944 6812.78
0.9444 6456
0.9448 8267.77
0.9452 8250.6
0.9456 6581.86
0.946 7268.8
0.9464 7722.23
0.9468 6279.64
0.9472 5910.14
0.9476 7678.46
0.948 8859.19
0.9484 9234.14
0.9488 8490.35
0.9492 7743.06
0.9496 6680.05
0.95 8914.56
0.9504 6669.99
0.9508 7762
0.9512 10639.7
0.9516 12960
0.952 22030.8
0.9524 37004.5
0.9528 48656.8
0.9532 33578.1
0.9536 14393.5
0.954 9739.78
0.9544 8669.38
0.9548 11895.3
0.9552 9931.69
0.9556 8185.5
0.956 5979.33
0.9564 8869.12
0.9568 6603.67
0.9572 8491.33
0.9576 9563.09
0.958 8104.25
0.9584 9075.56
0.9588 8607.36
0.9592 7395.14
0.9596 9033.16
0.96 9143.53
0.9604 10876.4
0.9608 8622.61
0.9612 9078
0.9616 5997.84
0.962 6133.32
0.9624 7360.49
0.9628 6918.7
0.9632 7911.88
0.9636 7961.21
0.964 9918.18
0.9644 9249.84
0.9648 6561.17
0.9652 7367.05
0.9672 7345.3
0.9692 7323.65
0.9712 7302.14
0.9732 7280.78
0.9752 7259.28
0.9772 7238.26
0.9792 7217.47
0.9812 7196.89
0.9832 7176.55
0.9852 7156.5
0.9872 7136.72
0.9892 7117.24
0.9912 7097.82
0.9932 7079.02
0.9952 7060.58
0.9972 7042.55
0.9992 7024.92
1.0012 7007.68
1.0032 7002.42
1.0052 6997.08
1.0072 6991.66
1.0092 6985.89
1.0112 6980.32
1.0132 6974.67
1.0152 6968.95
1.0172 6963.15
1.0192 6957.27
1.0212 6951.32
1.0232 6945.28
1.0252 6938.9
1.0272 6932.71
1.0292 6926.45
1.0312 6920.11
1.0332 6913.69
1.0352 6907.2
1.0372 6900.63
1.0392 6893.98
1.0412 6886.97
1.0432 6880.17
1.0452 6873.3
1.0472 6866.34
1.0492 6859.31
1.0512 6852.2
1.0532 6845.02
1.0552 6837.76
1.0572 6830.42
1.0592 6822.71
1.0612 6815.22
1.0632 6807.65
1.0652 6800
1.0672 6792.28
1.0692 6784.48
1.0712 6776.61
1.0732 6768.65
1.0752 6760.33
1.0772 6752.22
1.0792 6744.04
1.0812 6735.77
1.0832 6727.44
1.0852 6719.02
1.0872 6710.53
1.0892 6701.96
1.0912 6693.32
1.0932 6684.3
1.0952 6675.5
1.0972 6666.62
1.0992 6657.67
1.1012 6648.64
1.1032 6639.53
1.1052 6630.35
1.1072 6621.09
1.1092 6611.45
1.1112 6602.03
1.1132 6592.54
1.1152 6582.97
1.1172 6573.33
1.1192 6563.61
1.1212 6553.81
1.1232 6543.94
1.1252 6533.68
1.1272 6523.65
1.1292 6513.54
1.1312 6503.36
1.1332 6493.1
1.1352 6482.76
1.1372 6472.35
1.1392 6461.86
1.1412 6451.29
1.1432 6440.34
1.1452 6429.61
1.1472 6418.82
1.1492 6407.94
1.1512 6396.99
1.1532 6385.96
1.1552 6374.86
1.1572 6363.68
1.1592 6352.1
1.1612 6340.76
1.1632 6329.35
1.1652 6317.86
1.1672 6306.3
1.1692 6294.65
1.1712 6282.93
1.1732 6271.14
1.1752 6259.26
1.1772 6246.99
1.1792 6234.96
1.1812 6222.86
1.1832 6210.68
1.1852 6198.42
1.1872 6186.09
1.1892 6173.67
1.1912 6161.19
1.1932 6148.29
1.1952 6135.65
1.1972 6122.93
1.1992 6110.13
1.2012 6097.26
1.2032 6084.31
1.2052 6071.29
1.2072 6058.18
1.2092 6044.67
1.2112 6031.41
1.2132 6018.08
1.2152 6004.67
1.2172 5991.18
1.2192 5977.62
1.2212 5963.97
1.2232 5950.26
1.2252 5936.46
1.2272 5922.25
1.2292 5908.3
1.2312 5894.28
1.2332 5880.17
1.2352 5865.99
1.2372 5851.74
1.2392 5837.41
1.2412 5823
1.2432 5808.17
1.2452 5793.6
1.2472 5778.96
1.2492 5764.24
1.2512 5750.82
1.2532 5749.36
1.2552 5747.86
1.2572 5746.68
1.2592 5745.11
1.2612 5743.51
1.2632 5742.23
1.2652 5740.56
1.2672 5738.86
1.2692 5737.12
1.2712 5735.7
1.2732 5733.9
1.2752 5732.07
1.2772 5730.2
1.2792 5728.64
1.2812 5726.71
1.2832 5724.74
1.2852 5723.08
1.2872 5721.04
1.2892 5718.97
1.2912 5716.86
1.2932 5715.08
1.2952 5712.9
1.2972 5710.69
1.2992 5708.81
1.3012 5706.53
1.3032 5704.22
1.3052 5701.88
1.3072 5699.86
1.3092 5697.45
1.3112 5695
1.3132 5692.52
1.3152 5690.37
1.3172 5687.82
1.3192 5685.24
1.3212 5682.99
1.3232 5680.34
1.3252 5677.66
1.3272 5674.94
1.3292 5672.56
1.3312 5669.77
1.3332 5666.96
1.3352 5664.11
1.3372 5661.59
1.3392 5658.67
1.3412 5655.71
1.3432 5653.09
1.3452 5650.07
1.3472 5647.02
1.3492 5643.93
1.3512 5641.18
1.3532 5638.02
1.3552 5634.83
1.3572 5631.61
1.3592 5628.72
1.3612 5625.43
1.3632 5622.1
1.3652 5619.12
1.3672 5615.73
1.3692 5612.3
1.3712 5608.84
1.3732 5605.72
1.3752 5602.19
1.3772 5598.63
1.3792 5595.41
1.3812 5591.78
1.3832 5588.11
1.3852 5584.42
1.3872 5581.06
1.3892 5577.3
1.3912 5573.5
1.3932 5569.66
1.3952 5566.18
1.3972 5562.28
1.3992 5558.34
1.4012 5554.76
1.4032 5550.75
1.4052 5546.72
1.4072 5542.65
1.4092 5538.93
1.4112 5534.79
1.4132 5530.62
1.4152 5526.41
1.4172 5522.56
1.4192 5518.29
1.4212 5513.98
1.4232 5510.03
1.4252 5505.65
1.4272 5501.24
1.4292 5496.8
1.4312 5492.72
1.4332 5488.2
1.4352 5483.66
1.4372 5479.08
1.4392 5474.86
1.4412 5470.22
1.4432 5465.54
1.4452 5461.22
1.4472 5456.47
1.4492 5451.69
1.4512 5446.87
1.4532 5442.42
1.4552 5437.54
1.4572 5432.62
1.4592 5427.67
1.4612 5423.09
1.4632 5418.07
1.4652 5413.02
1.4672 5408.33
1.4692 5403.21
1.4712 5398.06
1.4732 5392.87
1.4752 5388.05
1.4772 5382.79
1.4792 5377.51
1.4812 5372.59
1.4832 5367.23
1.4852 5361.84
1.4872 5356.41
1.4892 5351.36
1.4912 5345.87
1.4932 5340.34
1.4952 5334.78
1.4972 5329.6
1.4992 5323.97
1.5012 5318.31
1.5032 5313.03
1.5052 5307.3
1.5072 5301.53
1.5092 5295.73
1.5112 5290.32
1.5132 5284.45
1.5152 5278.55
1.5172 5272.62
1.5192 5267.07
1.5212 5261.07
1.5232 5255.03
1.5252 5249.38
1.5272 5243.28
1.5292 5237.15
1.5312 5230.97
1.5332 5225.19
1.5352 5218.95
1.5372 5212.68
1.5392 5206.38
1.5412 5200.46
1.5432 5194.09
1.5452 5187.68
1.5472 5181.66
1.5492 5175.19
1.5512 5168.68
1.5532 5162.14
1.5552 5155.99
1.5572 5149.38
1.5592 5142.73
1.5612 5136.05
1.5632 5129.77
1.5652 5123.02
1.5672 5116.25
1.5692 5109.86
1.5712 5103.01
1.5732 5096.13
1.5752 5089.22
1.5772 5082.7
1.5792 5075.72
1.5812 5068.7
1.5832 5062.09
1.5852 5055
1.5872 5047.88
1.5892 5040.73
1.5912 5033.98
1.5932 5026.76
1.5952 5019.51
1.5972 5012.22
1.5992 5005.34
1.6012 4997.98
1.6032 4990.59
1.6052 4983.61
1.6072 4976.16
1.6092 4968.66
1.6112 4961.14
1.6132 4954.02
1.6152 4946.43
1.6172 4938.81
1.6192 4931.15
1.6212 4923.9
1.6232 4916.17
1.6252 4908.41
1.6272 4901.06
1.6292 4893.23
1.6312 4885.37
1.6332 4877.47
1.6352 4869.99
1.6372 4862.47
1.6392 4858.52
1.6412 4854.54
1.6432 4850.54
1.6452 4846.97
1.6472 4842.92
1.6492 4838.85
1.6512 4834.76
1.6532 4830.64
1.6552 4826.49
1.6572 4822.78
1.6592 4818.59
1.6612 4814.37
1.6632 4810.13
1.6652 4805.87
1.6672 4801.58
1.6692 4797.72
1.6712 4793.39
1.6732 4789.03
1.6752 4784.64
1.6772 4780.23
1.6792 4775.8
1.6812 4771.81
1.6832 4767.33
1.6852 4762.82
1.6872 4758.29
1.6892 4753.74
1.6912 4749.63
1.6932 4745.03
1.6952 4740.4
1.6972 4735.75
1.6992 4731.08
1.7012 4726.38
1.7032 4722.13
1.7052 4717.38
1.7072 4712.62
1.7092 4707.82
1.7112 4703.01
1.7132 4698.16
1.7152 4693.77
1.7172 4688.88
1.7192 4683.97
1.7212 4679.03
1.7232 4674.07
1.7252 4669.08
1.7272 4664.55
1.7292 4659.51
1.7312 4654.46
1.7332 4649.37
1.7352 4644.27
1.7372 4639.62
1.7392 4634.46
1.7412 4629.28
1.7432 4624.08
1.7452 4618.86
1.7472 4613.61
1.7492 4608.81
1.7512 4603.51
1.7532 4598.19
1.7552 4592.85
1.7572 4587.48
1.7592 4582.08
1.7612 4577.15
1.7632 4571.71
1.7652 4566.24
1.7672 4560.75
1.7692 4555.23
1.7712 4549.7
1.7732 4544.62
1.7752 4539.03
1.7772 4533.42
1.7792 4527.79
1.7812 4522.13
1.7832 4516.94
1.7852 4511.23
1.7872 4505.5
1.7892 4499.74
1.7912 4493.97
1.7932 4488.16
1.7952 4482.83
1.7972 4476.98
1.7992 4471.1
1.8012 4465.2
1.8032 4459.28
1.8052 4453.33
1.8072 4447.86
1.8092 4441.86
1.8112 4435.84
1.8132 4429.8
1.8152 4423.73
1.8172 4417.64
1.8192 4412.02
1.8212 4405.89
1.8232 4399.72
1.8252 4393.53
1.8272 4387.32
1.8292 4381.09
1.8312 4375.33
1.8332 4369.05
1.8352 4362.74
1.8372 4356.41
1.8392 4350.05
1.8412 4344.18
1.8432 4337.77
1.8452 4331.34
1.8472 4324.89
1.8492 4318.42
1.8512 4311.92
1.8532 4305.9
1.8552 4299.35
1.8572 4292.78
1.8592 4286.18
1.8612 4279.56
1.8632 4272.92
1.8652 4266.76
1.8672 4260.07
1.8692 4253.35
1.8712 4246.61
1.8732 4239.85
1.8752 4233.06
1.8772 4226.76
1.8792 4219.93
1.8812 4213.06
1.8832 4206.18
1.8852 4199.27
1.8872 4192.86
1.8892 4185.9
1.8912 4178.92
1.8932 4171.91
1.8952 4164.88
1.8972 4157.83
1.8992 4151.28
1.9012 4144.17
1.9032 4137.05
1.9052 4129.9
1.9072 4122.73
1.9092 4115.53
1.9112 4108.83
1.9132 4101.59
1.9152 4094.32
1.9172 4087.02
1.9192 4079.71
1.9212 4072.36
1.9232 4065.53
1.9252 4058.14
1.9272 4050.72
1.9292 4043.29
1.9312 4035.82
1.9332 4028.87
1.9352 4021.36
1.9372 4013.82
1.9392 4006.27
1.9412 3998.69
1.9432 3991.08
1.9452 3983.98
1.9472 3976.33
1.9492 3968.65
1.9512 3960.95
1.9532 3953.22
1.9552 3945.47
1.9572 3938.23
1.9592 3930.44
1.9612 3922.61
1.9632 3914.77
1.9652 3906.9
1.9672 3899
1.9692 3891.62
1.9712 3883.68
1.9732 3875.71
1.9752 3867.72
1.9772 3859.71
1.9792 3852.21
1.9812 3844.15
1.9832 3836.06
1.9852 3827.95
1.9872 3819.82
1.9892 3811.66
1.9912 3804.02
1.9932 3795.81
1.9952 3787.58
1.9972 3779.33
1.9992 3771.05
2.0012 3762.75
2.0032 3754.97
2.0052 3746.62
2.0072 3738.24
2.0092 3729.84
2.0112 3721.42
2.0132 3712.97
2.0152 3705.05
2.0172 3696.56
2.0192 3688.04
2.0212 3679.49
2.0232 3670.93
2.0252 3662.89
2.0272 3654.27
2.0292 3645.63
2.0312 3636.97
2.0332 3628.28
2.0352 3619.57
2.0372 3611.39
2.0392 3602.63
2.0412 3593.85
2.0432 3585.04
2.0452 3576.21
2.0472 3567.35
2.0492 3559.03
2.0512 3550.13
2.0532 3541.2
2.0552 3532.25
2.0572 3523.27
2.0592 3514.27
2.0612 3505.81
2.0632 3496.77
2.0652 3487.69
2.0672 3478.6
2.0692 3469.48
2.0712 3460.9
2.0732 3451.73
2.0752 3442.54
2.0772 3433.32
2.0792 3424.08
2.0812 3414.82
2.0832 3406.1
2.0852 3396.78
2.0872 3387.45
2.0892 3378.09
2.0912 3368.7
2.0932 3359.29
2.0952 3350.43
2.0972 3340.98
2.0992 3331.5
2.1012 3321.99
2.1032 3312.46
2.1052 3302.91
2.1072 3293.91
2.1092 3284.31
2.1112 3274.68
2.1132 3265.03
2.1152 3255.36
2.1172 3246.24
2.1192 3236.52
2.1212 3226.77
2.1232 3217
2.1252 3207.21
2.1272 3197.39
2.1292 3188.13
2.1312 3178.27
2.1332 3168.38
2.1352 3158.46
2.1372 3148.53
2.1392 3138.56
2.1412 3129.16
2.1432 3119.15
2.1452 3109.12
2.1472 3099.06
2.1492 3088.98
2.1512 3078.87
2.1532 3069.33
2.1552 3059.18
2.1572 3049
2.1592 3038.8
2.1612 3028.57
2.1632 3018.91
2.1652 3008.64
2.1672 2998.34
2.1692 2988.02
2.1712 2977.67
2.1732 2967.3
2.1752 2957.5
2.1772 2947.08
2.1792 2936.64
2.1812 2926.17
2.1832 2915.68
2.1852 2905.17
2.1872 2895.23
2.1892 2884.67
2.1912 2874.08
2.1932 2863.47
2.1952 2852.83
2.1972 2842.17
2.1992 2832.09
2.2012 2821.38
2.2032 2810.65
2.2052 2799.9
2.2072 2789.12
2.2092 2778.92
2.2112 2768.09
2.2132 2757.24
2.2152 2746.37
2.2172 2735.47
2.2192 2724.54
2.2212 2714.2
2.2232 2703.23
2.2252 2692.24
2.2272 2681.22
2.2292 2670.17
2.2312 2659.1
2.2332 2648.62
2.2352 2637.51
2.2372 2626.37
2.2392 2615.2
2.2412 2604.02
2.2432 2592.8
2.2452 2582.18
2.2472 2570.92
2.2492 2559.64
2.2512 2548.33
2.2532 2537
2.2552 2526.26
2.2572 2514.88
2.2592 2503.47
2.2612 2492.05
2.2632 2480.59
2.2652 2469.12
2.2672 2458.24
2.2692 2446.71
2.2712 2435.16
2.2732 2423.59
2.2752 2411.99
2.2772 2400.37
2.2792 2389.35
2.2812 2377.68
2.2832 2365.99
2.2852 2354.27
2.2872 2342.53
2.2892 2330.77
2.2912 2319.6
2.2932 2307.79
2.2952 2295.95
2.2972 2284.09
2.2992 2272.21
2.3012 2260.93
2.3032 2249
2.3052 2237.04
2.3072 2225.06
2.3092 2213.05
2.3112 2201.02
2.3132 2189.6
2.3152 2177.52
2.3172 2165.42
2.3192 2153.3
2.3212 2141.15
2.3232 2128.97
2.3252 2117.41
2.3272 2105.19
2.3292 2092.94
2.3312 2080.67
2.3332 2068.38
2.3352 2056.06
2.3372 2044.36
2.3392 2031.99
2.3412 2019.6
2.3432 2007.19
2.3452 1994.75
2.3472 1982.93
2.3492 1970.45
2.3512 1957.94
2.3532 1945.4
2.3552 1932.84
2.3572 1920.26
2.3592 1908.3
2.3612 1895.67
2.3632 1883.01
2.3652 1870.34
2.3672 1857.63
2.3692 1844.91
2.3712 1832.8
2.3732 1820.03
2.3752 1807.23
2.3772 1794.41
2.3792 1781.56
2.3812 1768.69
2.3832 1756.45
2.3852 1743.53
2.3872 1730.59
2.3892 1717.62
2.3912 1704.63
2.3932 1692.27
2.3952 1679.23
2.3972 1666.16
2.3992 1653.08
2.4012 1639.97
2.4032 1626.83
2.4052 1614.33
2.4072 1601.15
2.4092 1587.94
2.4112 1574.71
2.4132 1561.45
2.4152 1548.17
2.4172 1535.53
2.4192 1522.2
2.4212 1508.85
2.4232 1495.47
2.4252 1482.07
2.4272 1468.65
2.4292 1455.87
2.4312 1442.39
2.4332 1428.9
2.4352 1415.38
2.4372 1401.83
2.4392 1388.27
2.4412 1375.34
2.4432 1361.73
2.4452 1348.09
2.4472 1334.42
2.4492 1320.73
2.4512 1307.69
2.4532 1293.96
2.4552 1280.19
2.4572 1266.41
2.4592 1252.6
2.4612 1238.77
2.4632 1225.59
2.4652 1211.71
2.4672 1197.8
2.4692 1183.87
2.4712 1169.92
2.4732 1155.94
2.4752 1142.62
2.4772 1128.59
2.4792 1114.54
2.4812 1100.47
2.4832 1086.37
2.4852 1072.25
2.4872 1058.79
2.4892 1044.62
2.4912 1030.43
2.4932 1016.21
2.4952 1001.97
2.4972 988.386
2.4992 974.097
2.5012 959.783
2.5032 945.445
2.5052 931.084
2.5072 916.698
2.5092 902.976
2.5112 888.542
2.5132 874.084
2.5152 859.602
2.5172 845.096
2.5192 830.566
2.5212 816.703
2.5232 802.125
2.5252 787.523
2.5272 772.897
2.5292 758.246
2.5312 743.572
2.5332 729.568
2.5352 714.846
2.5372 700.099
2.5392 685.329
2.5412 670.534
2.5432 656.413
2.5452 641.571
2.5472 626.704
2.5492 611.813
2.5512 596.899
2.5532 581.96
2.5552 567.697
2.5572 552.711
2.5592 537.7
