0.0912 5779.42
0.0922 5818.3
0.0932 5856.52
0.0942 5894.08
0.0952 5930.95
0.0962 5967.16
0.0972 5999.72
0.0982 6034.56
0.0992 6068.73
0.1002 6102.21
0.1012 6134.99
0.1022 6167.09
0.1032 6195.33
0.1042 6226.03
0.1052 6256.04
0.1062 6285.36
0.1072 6313.95
0.1082 6341.85
0.1092 6365.7
0.1102 6392.18
0.1112 6417.95
0.1122 6443.03
0.1132 6467.38
0.1142 6491.02
0.1152 6513.96
0.1162 6532.63
0.1172 6554.13
0.1182 6574.93
0.1192 6595
0.1202 6614.36
0.1212 6633.01
0.1222 6647.2
0.1268 6889.45
0.1272 8690.79
0.1276 7866.39
0.128 7099.51
0.1284 8480.39
0.1288 8406.39
0.1292 7708.87
0.1296 6051.75
0.13 5645.69
0.1304 6157.93
0.1308 7119.02
0.1312 7578.26
0.1316 7539.05
0.132 7167.08
0.1324 6666.69
0.1328 7386.46
0.1332 5652.28
0.1336 6315.66
0.134 7739.98
0.1344 7212.37
0.1348 8291.65
0.1352 7139.5
0.1356 7291.99
0.136 6843.9
0.1364 6891.42
0.1368 7027.32
0.1372 7825.33
0.1376 6464.52
0.138 6816.09
0.1384 5435.68
0.1388 4366.8
0.1392 3681.91
0.1396 4237.86
0.14 5563.41
0.1404 6715.38
0.1408 7086.96
0.1412 7330.43
0.1416 6657.73
0.142 6547.95
0.1424 6446.17
0.1428 6497.19
0.1432 7150.8
0.1436 8090.14
0.144 7884.95
0.1444 7173.02
0.1448 5629.98
0.1452 7199.32
0.1456 7199.01
0.146 7781.37
0.1464 7440.75
0.1468 6205.63
0.1472 6934.36
0.1476 7739.49
0.148 7862.64
0.1484 8177.72
0.1488 8992.41
0.1492 7383.21
0.1496 6693.17
0.15 7192.28
0.1504 8451.35
0.1508 8133.36
0.1512 8194.27
0.1516 7910.91
0.152 5511.59
0.1524 6876.04
0.1528 6230.03
0.1532 5552.3
0.1536 3578.15
0.154 3790.65
0.1544 3133.26
0.1548 2040.8
0.1552 5898
0.1556 7597.25
0.156 6292.11
0.1564 6147.18
0.1568 6454.01
0.1572 5850.01
0.1576 7062.45
0.158 7218.46
0.1584 459.729
0.1588 6645.1
0.1592 5745.05
0.1596 5590.22
0.16 5812.84
0.1604 3479.75
0.1608 4800.16
0.1612 5096.03
0.1616 5210.2
0.162 6115.82
0.1624 6517.19
0.1628 6770.5
0.1632 7170.31
0.1636 6004.62
0.164 7089.24
0.1644 7982.19
0.1648 7391.63
0.1652 7031.47
0.1656 6872.87
0.166 6499.34
0.1664 6604.23
0.1668 6530.29
0.1672 4895.66
0.1676 6844.31
0.168 6228.53
0.1684 7662.62
0.1688 6485.91
0.1692 6560.86
0.1696 4825.86
0.17 6262.7
0.1704 6703.72
0.1708 6931.72
0.1712 6524.63
0.1716 6384.29
0.172 5524.94
0.1724 5984.99
0.1728 8436.91
0.1732 7299.57
0.1736 7868.04
0.174 9470.25
0.1744 8493.17
0.1748 7704.75
0.1752 6767.38
0.1756 7966.31
0.176 7808.74
0.1764 6962.47
0.1768 7268.64
0.1772 7494.53
0.1776 8114.01
0.178 7807.04
0.1784 6983.68
0.1788 6963.63
0.1792 7240.57
0.1796 6741.09
0.18 6488.04
0.1804 7020.42
0.1808 6500.27
0.1812 7123.95
0.1816 6690.83
0.182 6238.98
0.1824 5729.07
0.1828 6603.33
0.1832 7053.84
0.1836 7168
0.184 7260
0.1844 6231.21
0.1848 6105.83
0.1852 6457.56
0.1856 6867.76
0.186 6422.95
0.1864 7447.18
0.1868 7167.95
0.1872 6801.23
0.1876 6490.51
0.188 5895.55
0.1884 6050.06
0.1888 6216.8
0.1892 5913.61
0.1896 6540.61
0.19 6884.34
0.1904 7217.79
0.1908 7329.93
0.1912 6749.73
0.1916 5908.17
0.192 5535.88
0.1924 5933.59
0.1928 6245.29
0.1932 6065.85
0.1936 5677.56
0.194 5311.47
0.1944 5295.41
0.1948 5723.11
0.1952 6451.63
0.1956 5586.63
0.196 5265.76
0.1964 4983.96
0.1968 5793.55
0.1972 5917.93
0.1976 4382.06
0.198 4657.83
0.1984 7177.25
0.1988 5636.94
0.1992 4738.14
0.1996 5231.31
0.2 7931.78
0.2004 9932.88
0.2008 5408.57
0.2012 7434.8
0.2016 6908.67
0.202 5699.38
0.2024 7316.81
0.2028 4588.33
0.2032 7728.02
0.2036 2367.49
0.204 4789.09
0.2044 7597.43
0.2048 5537.32
0.2052 2616.58
0.2056 9093.77
0.206 4399.9
0.2064 5974.88
0.2068 7095.59
0.2072 4007.41
0.2076 7380.12
0.208 7168.71
0.2084 7359.58
0.2088 5268.63
0.2092 6895.48
0.2096 2040.92
0.21 6621.12
0.2104 2562.8
0.2108 4374.87
0.2112 4407.11
0.2116 7976.09
0.212 3998.06
0.2124 5520.03
0.2128 4113.83
0.2132 4932.76
0.2136 11150.8
0.214 8574.16
0.2144 3619.11
0.2148 5244.59
0.2152 5625.91
0.2156 3465.08
0.216 6854.33
0.2164 6049.95
0.2168 2206.86
0.2172 5661.3
0.2176 5284.5
0.218 5721.6
0.2184 4909.55
0.2188 8462.98
0.2192 6363.3
0.2196 2565.4
0.22 4297.89
0.2204 7658.88
0.2208 6444.01
0.2212 5380.29
0.2216 3304.92
0.222 3350.25
0.2224 6330.28
0.2228 5963.9
0.2232 3448.91
0.2236 9769.71
0.224 3820.23
0.2244 7459.03
0.2248 6239.5
0.2252 6604.68
0.2256 5255.2
0.226 5587.99
0.2264 9340.22
0.2268 4492.28
0.2272 6601
0.2276 6814.05
0.228 8021.98
0.2284 7684.2
0.2288 6628.57
0.2292 5810.61
0.2296 5128.71
0.23 7443.84
0.2304 6191.41
0.2308 4617.13
0.2312 7408.45
0.2316 6140.83
0.232 5901.81
0.2324 7914.83
0.2328 4989.43
0.2332 7331.48
0.2336 7644.39
0.234 5542.62
0.2344 4044.76
0.2348 5390.39
0.2352 5307.71
0.2356 7387.16
0.236 5947.36
0.2364 5804.93
0.2368 4423.72
0.2372 5405.72
0.2376 4608.64
0.238 5030.82
0.2384 3555.46
0.2388 4888.72
0.2392 6146.41
0.2396 5101.77
0.24 6198.18
0.2404 4836.4
0.2408 6202.93
0.2412 6101.61
0.2416 6820.46
0.242 5659.39
0.2424 5057.93
0.2428 6866.37
0.2432 5664.48
0.2436 5012.15
0.244 6280.24
0.2444 5683.8
0.2448 6628.63
0.2452 6064.68
0.2456 6970.21
0.246 5199.35
0.2464 6790.41
0.2468 6101.71
0.2472 6505.36
0.2476 5510.61
0.248 5258.9
0.2484 6552.49
0.2488 6901.39
0.2492 5111.85
0.2496 5824.34
0.25 5554.21
0.2504 5736.83
0.2508 5843.8
0.2512 5748.25
0.2516 5504.03
0.252 5864.16
0.2524 5444.97
0.2528 6418.59
0.2532 5184.12
0.2536 6775.61
0.254 5706.24
0.2544 5752.14
0.2548 5987.53
0.2552 6133.51
0.2556 5094.82
0.256 4883.76
0.2564 5753.02
0.2568 5171.71
0.2572 5282.79
0.2576 4823.89
0.258 4930.81
0.2584 5099.16
0.2588 3297.18
0.2592 4620.78
0.2596 4896.24
0.26 5487.09
0.2604 4635.69
0.2608 6451.64
0.2612 6337.77
0.2616 5536.76
0.262 5495.16
0.2624 5898.18
0.2628 4968.52
0.2632 5190.94
0.2636 6513.21
0.264 7206.39
0.2644 6860.02
0.2648 6567.04
0.2652 5919.77
0.2656 5899.33
0.266 6109.96
0.2664 5755.17
0.2668 5516.45
0.2672 5791.43
0.2676 5360.59
0.268 5808.99
0.2684 5415.58
0.2688 6150.15
0.2692 5942.08
0.2696 5778.88
0.27 5975.88
0.2704 5727.57
0.2708 5870.98
0.2712 5691.72
0.2716 5536.94
0.272 6173.47
0.2724 6077.49
0.2728 5157.78
0.2732 4964.35
0.2736 6322.1
0.274 6478.14
0.2744 5854.38
0.2748 6126.63
0.2752 5583.35
0.2756 5519.99
0.276 6335.33
0.2764 5599.83
0.2768 5509.86
0.2772 5801.82
0.2776 5555.04
0.278 5553.37
0.2784 4711.38
0.2788 4332.66
0.2792 4528.97
0.2796 3641.51
0.28 4161.55
0.2804 4248.24
0.2808 4557.68
0.2812 5304.03
0.2816 6400.09
0.282 6468.84
0.2824 6156.21
0.2828 6334.18
0.2832 5886.55
0.2836 5853.02
0.284 5366.78
0.2844 5671.26
0.2848 5472.86
0.2852 5635.56
0.2856 5819.79
0.286 5791.99
0.2864 4954.12
0.2868 5759.02
0.2872 6338.62
0.2876 5839.75
0.288 5422.64
0.2884 6080.33
0.2888 6041.02
0.2892 5820.46
0.2896 5469.43
0.29 6168.2
0.2904 5654.38
0.2908 5602.57
0.2912 5692.78
0.2916 5723.25
0.292 5744.82
0.2924 5812.22
0.2928 5386.22
0.2932 6132.15
0.2936 5779.32
0.294 6143.23
0.2944 6617.5
0.2948 6194.15
0.2952 6307.19
0.2956 6095.56
0.296 5783.35
0.2964 5969.07
0.2968 5870.02
0.2972 5948.63
0.2976 5744.18
0.298 5809.1
0.2984 6240.69
0.2988 5833.01
0.2992 5305.69
0.2996 5266.38
0.3 5323.69
0.3004 6377.36
0.3008 5176.4
0.3012 5294.84
0.3016 5467.29
0.302 5538.18
0.3024 5784.76
0.3028 4686.56
0.3032 4424.3
0.3036 4800.88
0.304 4974
0.3044 4747.51
0.3048 5475.09
0.3052 5631.01
0.3056 5729.16
0.306 6044.61
0.3064 5129.29
0.3068 5431.57
0.3072 5714.82
0.3076 5440.57
0.308 5766.16
0.3084 6063.23
0.3088 5483.01
0.3092 5365.55
0.3096 5382.78
0.31 5260.1
0.3104 6012.08
0.3108 4869.67
0.3112 6506.03
0.3116 7976.27
0.312 7184.5
0.3124 6240.06
0.3128 7580.15
0.3132 6553.95
0.3136 6454.36
0.314 6601.34
0.3144 6506.36
0.3148 6038
0.3152 6886.67
0.3156 6828.47
0.316 6371.3
0.3164 4511
0.3168 6656.77
0.3172 10296.3
0.3176 10799.7
0.318 7964.94
0.3184 5312.64
0.3188 7564.94
0.3192 3780.23
0.3196 7326.76
0.32 9857.3
0.3204 3945.9
0.3208 5151.62
0.3212 4879.9
0.3216 4589.73
0.322 4809.01
0.3224 4041.81
0.3228 4927.04
0.3232 5085.99
0.3236 4384.81
0.324 3812.22
0.3244 6516.45
0.3248 5443.38
0.3252 4086.06
0.3256 5092.92
0.326 5304.43
0.3264 4762.74
0.3268 4796.71
0.3272 4403.75
0.3276 4876.95
0.328 5389.56
0.3284 5019.04
0.3288 4499.18
0.3292 4904
0.3296 5354.32
0.33 4655.6
0.3304 4817.54
0.3308 4564.41
0.3312 5085.61
0.3316 4919.73
0.332 4909.41
0.3324 4726.56
0.3328 5006.18
0.3332 4869.02
0.3336 4493.86
0.334 4628.53
0.3344 3893.79
0.3348 4030.1
0.3352 5222.78
0.3356 4831.29
0.336 5031.08
0.3364 5066.05
0.3368 5031.8
0.3372 5144.48
0.3376 5297.84
0.338 4590.11
0.3384 4944.74
0.3388 5012.01
0.3392 4690.93
0.3396 4403.48
0.34 4826.33
0.3404 5036.92
0.3408 4792.77
0.3412 5112.75
0.3416 5008.64
0.342 5032.39
0.3424 4878.5
0.3428 4874.76
0.3432 4781.41
0.3436 4626.64
0.344 4640.49
0.3444 4506.31
0.3448 4769.9
0.3452 4833.74
0.3456 5167.27
0.346 4905.52
0.3464 4818.65
0.3468 5082.98
0.3472 5171.99
0.3476 5264.39
0.348 5171.05
0.3484 5168.42
0.3488 5136.84
0.3492 5032.26
0.3496 4876.96
0.35 4982.45
0.3504 4869.74
0.3508 4888.18
0.3512 4545.36
0.3516 4618.5
0.352 4690.7
0.3524 4893.98
0.3528 4974.21
0.3532 4894.09
0.3536 5071.09
0.354 5386.53
0.3544 5640.64
0.3548 5157.71
0.3552 5550.61
0.3556 5556.75
0.356 5335.48
0.3564 4709.88
0.3568 4870.61
0.3572 4829.85
0.3576 4985.53
0.358 4685.35
0.3584 4777.34
0.3588 4983.02
0.3592 5114.13
0.3596 5148.33
0.36 5349.52
0.3604 5154.95
0.3608 4958.81
0.3612 5205.87
0.3616 5314.67
0.362 5269.17
0.3624 4994.31
0.3628 5261.36
0.3632 4588.81
0.3636 5146.25
0.364 4630.77
0.3644 5231.95
0.3648 5355.01
0.3652 4849.21
0.3656 5067.49
0.366 5135.64
0.3664 5455.94
0.3668 5107.87
0.3672 5557.33
0.3676 5145.37
0.368 5216.12
0.3684 5404.66
0.3688 5153.06
0.3692 5635.51
0.3696 5226.95
0.37 5491.22
0.3704 5396.61
0.3708 5800.5
0.3712 5850.75
0.3716 7087.77
0.372 11528.1
0.3724 16369.1
0.3728 12234.2
0.3732 7159.81
0.3736 5812.11
0.374 5769.55
0.3744 4941.67
0.3748 4887.69
0.3752 5345.09
0.3756 4999.59
0.376 6194.67
0.3764 5413.54
0.3768 5779.66
0.3772 5673.97
0.3776 6839.97
0.378 7049.67
0.3784 6525.45
0.3788 6125.71
0.3792 5253.52
0.3796 5272.34
0.38 5985.44
0.3804 6962.84
0.3808 6638.5
0.3812 7167.93
0.3816 6757.52
0.382 6368.51
0.3824 5991.57
0.3828 5137.77
0.3832 5402.35
0.3836 5897.14
0.384 6179.53
0.3844 7091.61
0.3848 6527.39
0.3852 7065.54
0.3856 7301.67
0.386 7819.16
0.3864 7413.42
0.3868 7603.04
0.3872 6901.3
0.3876 6290.93
0.388 6639.55
0.3884 6117.02
0.3888 6075.74
0.3892 6633.08
0.3896 7288.43
0.39 6852.95
0.3904 7258.08
0.3908 7883.61
0.3912 7307.96
0.3916 7562
0.392 7040.14
0.3924 6620.83
0.3928 6369.48
0.3932 5899.05
0.3936 7021.81
0.394 7439.06
0.3944 7124.43
0.3948 6974.02
0.3952 7824.42
0.3956 6962.49
0.396 6701.93
0.3964 5602.15
0.3968 5924.46
0.3972 6309.62
0.3976 6821.28
0.398 7135.94
0.3984 7770.52
0.3988 8095.29
0.3992 7989.19
0.3996 7823.96
0.4 8138.62
0.4004 8142.8
0.4008 8396.82
0.4012 8843.48
0.4016 8514.1
0.402 8355.62
0.4024 8038.63
0.4028 7934.94
0.4032 8455.04
0.4036 7971.03
0.404 8446.21
0.4044 8616.85
0.4048 8125.25
0.4052 8244.81
0.4056 8186.49
0.406 8263.89
0.4064 8241.58
0.4068 8078.07
0.4072 8159.25
0.4076 8581
0.408 8171.68
0.4084 8251.85
0.4088 7909.11
0.4092 7455.11
0.4096 7695.71
0.41 7790.71
0.4104 7224.27
0.4108 7564.91
0.4112 8084.23
0.4116 8365.66
0.412 8283.23
0.4124 7927.09
0.4128 8368.82
0.4132 8182.02
0.4136 7899.58
0.414 8332.3
0.4144 8371.33
0.4148 8251.2
0.4152 8004.6
0.4156 8236.03
0.416 8128.1
0.4164 8115.84
0.4168 8420.91
0.4172 8674.01
0.4176 8187.7
0.418 8557.79
0.4184 8683.18
0.4188 8453.87
0.4192 8656.56
0.4196 8969.14
0.42 8405.31
0.4204 8716.88
0.4208 8622
0.4212 8832.16
0.4216 8689.23
0.422 8650.97
0.4224 8663.21
0.4228 8572.84
0.4232 8457.6
0.4236 8550.24
0.424 8523.21
0.4244 8883.17
0.4248 8673.75
0.4252 8628.39
0.4256 8427.41
0.426 8716.57
0.4264 8812.44
0.4268 8445.84
0.4272 9076.81
0.4276 8843.62
0.428 9014.76
0.4284 8602.14
0.4288 8042.53
0.4292 8296.34
0.4296 8117.92
0.43 8298.26
0.4304 8607.12
0.4308 8387.39
0.4312 8910
0.4316 8618.51
0.432 8636.86
0.4324 8384.33
0.4328 8702.78
0.4332 9282.51
0.4336 10626.2
0.434 9692.11
0.4344 8090.69
0.4348 7722.58
0.4352 8082.1
0.4356 8539.89
0.436 8511.15
0.4364 8695.41
0.4368 8198.62
0.4372 7993.53
0.4376 8318.81
0.438 8234.47
0.4384 7762.21
0.4388 8336.02
0.4392 8824.54
0.4396 8042.32
0.44 8731.36
0.4404 8658.91
0.4408 8576.81
0.4412 8457.97
0.4416 9134.86
0.442 9074.59
0.4424 8234.44
0.4428 8858.49
0.4432 8928.37
0.4436 8494.36
0.444 8307.68
0.4444 8147.9
0.4448 8591.53
0.4452 8612.13
0.4456 8736.72
0.446 9208
0.4464 9248.31
0.4468 9325.7
0.4472 9208.21
0.4476 8833.47
0.448 8310.81
0.4484 8585.8
0.4488 8880.55
0.4492 8544.04
0.4496 9521.21
0.45 9460.99
0.4504 9320.4
0.4508 9226.61
0.4512 9334.9
0.4516 9027.33
0.452 8680.33
0.4524 8767.5
0.4528 8504.41
0.4532 9132.86
0.4536 8826.4
0.454 8940.37
0.4544 8986.15
0.4548 8409.13
0.4552 8873.79
0.4556 8842.61
0.456 8578.9
0.4564 9131.74
0.4568 9299.8
0.4572 8917.79
0.4576 9140.68
0.458 8951.89
0.4584 8668.42
0.4588 8953.59
0.4592 9160.28
0.4596 9334.83
0.46 9232.81
0.4604 8895.91
0.4608 9229.08
0.4612 9659.1
0.4616 9074.97
0.462 9298.43
0.4624 8950.03
0.4628 9331.47
0.4632 9303.89
0.4636 8991.52
0.464 8678.6
0.4644 9263.5
0.4648 9837.95
0.4652 8996.34
0.4656 9341.32
0.466 9260.44
0.4664 8945.98
0.4668 8926.21
0.4672 8903.51
0.4676 9347.41
0.468 8531.72
0.4684 8927.09
0.4688 9472.83
0.4692 8936.03
0.4696 8950.55
0.47 9359.09
0.4704 8994.07
0.4708 8797.54
0.4712 8897.27
0.4716 8532.3
0.472 9547.91
0.4724 9208.93
0.4728 9376.03
0.4732 8920.03
0.4736 8781.72
0.474 8880.4
0.4744 9017.09
0.4748 9283.75
0.4752 9385.94
0.4756 8555.08
0.476 8564.71
0.4764 8975.14
0.4768 8777.18
0.4772 9087.34
0.4776 9029.88
0.478 8873.96
0.4784 8604.65
0.4788 9021.45
0.4792 8773.83
0.4796 9403.5
0.48 9773.31
0.4804 9336.8
0.4808 9323.27
0.4812 8848.67
0.4816 9059.44
0.482 8906.45
0.4824 8591.71
0.4828 9277.13
0.4832 8859.76
0.4836 8501.06
0.484 8657.47
0.4844 8635.63
0.4848 8421.68
0.4852 10854.9
0.4856 16164
0.486 15564.6
0.4864 11630.6
0.4868 9074.32
0.4872 8481.05
0.4876 8180.24
0.488 8494.81
0.4884 8484.42
0.4888 8349.41
0.4892 8981.79
0.4896 9349.06
0.49 9176.75
0.4904 9105.04
0.4908 9305.96
0.4912 9573.56
0.4916 8036.18
0.492 8928.59
0.4924 9205.54
0.4928 9222.66
0.4932 8656.7
0.4936 8838.56
0.494 8477.64
0.4944 8996.63
0.4948 9121.41
0.4952 9235.73
0.4956 9875.23
0.496 8899.8
0.4964 8988.25
0.4968 9262.91
0.4972 8744.11
0.4976 9310.84
0.498 8520.52
0.4984 9155.28
0.4988 8993.05
0.4992 8551.54
0.4996 8801.2
0.5 12052.8
0.5004 13579.4
0.5008 10888.8
0.5012 9698.99
0.5016 9026.31
0.502 8394.17
0.5024 8831.64
0.5028 8794.25
0.5032 8903.58
0.5036 8980.59
0.504 8486.63
0.5044 8546.36
0.5048 9006.09
0.5052 8451.96
0.5056 8747.74
0.506 9124.76
0.5064 8818.16
0.5068 8991.94
0.5072 9317.04
0.5076 8401.93
0.508 8507.1
0.5084 8692.04
0.5088 9163.16
0.5092 9150.29
0.5096 9816.52
0.51 9097.82
0.5104 9222.74
0.5108 9123.55
0.5112 9688.17
0.5116 9191.7
0.512 8799.78
0.5124 8734.48
0.5128 8503.74
0.5132 8806.84
0.5136 8034.82
0.514 8271.7
0.5144 8785.37
0.5148 8779.73
0.5152 8775.66
0.5156 9316.2
0.516 8811.81
0.5164 8266.99
0.5168 8643.31
0.5172 8858.2
0.5176 8014.89
0.518 8557.26
0.5184 8549.68
0.5188 8432.16
0.5192 8995.21
0.5196 9533.57
0.52 9071.6
0.5204 8560.96
0.5208 8402.94
0.5212 8667.18
0.5216 8786.07
0.522 8962.82
0.5224 8669.82
0.5228 8589.88
0.5232 8654.38
0.5236 9167.56
0.524 9070.07
0.5244 9478.03
0.5248 8979.35
0.5252 8613.74
0.5256 8936.71
0.526 8308.83
0.5264 8452.62
0.5268 8255.3
0.5272 8433.24
0.5276 8353.84
0.528 8582.36
0.5284 9039.99
0.5288 8944.6
0.5292 8962.8
0.5296 8730.58
0.53 8525.67
0.5304 9198.28
0.5308 9677.95
0.5312 9220.42
0.5316 9281.28
0.532 9067.77
0.5324 8679.01
0.5328 9047.14
0.5332 8867.33
0.5336 8738.03
0.534 8769.21
0.5344 9548.72
0.5348 9063.25
0.5352 8258.21
0.5356 8874.59
0.536 9263.09
0.5364 8985.09
0.5368 8353.92
0.5372 8581.22
0.5376 8685.04
0.538 8493.29
0.5384 8603.79
0.5388 8671.43
0.5392 3848.22
0.5396 3740.09
0.54 8579.74
0.5404 8084.99
0.5408 3758.46
0.5412 3832.73
0.5416 9017.73
0.542 9277.39
0.5424 8986.14
0.5428 9477.83
0.5432 8779.28
0.5436 7679.09
0.544 8413.09
0.5444 12969.6
0.5448 12310
0.5452 9560.11
0.5456 9332.61
0.546 8454.26
0.5464 8376.6
0.5468 8565.78
0.5472 8556.97
0.5476 6957.44
0.548 7107.27
0.5484 8200.34
0.5488 8386.68
0.5492 7133.09
0.5496 7330.73
0.55 8241.34
0.5504 8144.29
0.5508 8476.69
0.5512 9332.56
0.5516 8934.57
0.552 8807.21
0.5524 8779.72
0.5528 8726.73
0.5532 9169.68
0.5536 9371.86
0.554 9152.45
0.5544 9460.45
0.5548 8729.69
0.5552 8432.6
0.5556 8846.51
0.556 9612.7
0.5564 8997.8
0.5568 8231.55
0.5572 8694.38
0.5576 9678.38
0.558 8587.11
0.5584 9613.59
0.5588 9071.49
0.5592 8926.98
0.5596 8811.47
0.56 8621.85
0.5604 8492.18
0.5608 8839.32
0.5612 8799.22
0.5616 9098.78
0.562 8642.89
0.5624 8587.01
0.5628 9424.5
0.5632 8877.93
0.5636 8865.34
0.564 8686.47
0.5644 8841.83
0.5648 9474.34
0.5652 9180.96
0.5656 8810.73
0.566 8466.06
0.5664 8531.35
0.5668 9000.5
0.5672 9527.8
0.5676 9172.18
0.568 9491.03
0.5684 9197.7
0.5688 8771.22
0.5692 9467.97
0.5696 9014.84
0.57 9073.89
0.5704 8975.38
0.5708 9094.07
0.5712 8702.52
0.5716 8714.11
0.572 9324.65
0.5724 9623.18
0.5728 9250.23
0.5732 10478.5
0.5736 9570.14
0.574 10505.9
0.5744 10077.9
0.5748 9495.65
0.5752 8886.11
0.5756 9030.44
0.576 9470.34
0.5764 8645.34
0.5768 7721.78
0.5772 8844.05
0.5776 8259.87
0.578 8958.1
0.5784 9435.28
0.5788 9477.68
0.5792 8691.34
0.5796 9130.17
0.58 9509.04
0.5804 8717.52
0.5808 8688.22
0.5812 8653.52
0.5816 9254.55
0.582 9624.08
0.5824 9697.25
0.5828 8852.46
0.5832 8346.76
0.5836 9041.03
0.584 9632.25
0.5844 8636.14
0.5848 8924.4
0.5852 9355.02
0.5856 9532.68
0.586 10097.4
0.5864 9314.31
0.5868 9267.07
0.5872 9957.22
0.5876 9518.81
0.588 8265.49
0.5884 9207.51
0.5888 9245
0.5892 8339.93
0.5896 8722.67
0.59 8589.61
0.5904 8527.06
0.5908 8585.97
0.5912 8421.68
0.5916 9256.29
0.592 10102.9
0.5924 9473.65
0.5928 9065.59
0.5932 8768.08
0.5936 8739.95
0.594 8941.59
0.5944 7686.99
0.5948 9216.02
0.5952 9383.66
0.5956 8434.07
0.596 8720.38
0.5964 8419.2
0.5968 8168.92
0.5972 8248.41
0.5976 8817.94
0.598 8690.46
0.5984 8957.88
0.5988 8427.64
0.5992 9284.02
0.5996 9132.58
0.6 9183.59
0.6004 10090.1
0.6008 8625.37
0.6012 9305.67
0.6016 7661.1
0.602 9624.55
0.6024 9197
0.6028 8504.2
0.6032 9299.67
0.6036 8403.98
0.604 9869.98
0.6044 9192.49
0.6048 9624.66
0.6052 9464.59
0.6056 9877.06
0.606 9140.09
0.6064 9361.1
0.6068 9595.45
0.6072 8267.65
0.6076 10311.3
0.608 9637.57
0.6084 11096.4
0.6088 9169.72
0.6092 8361.05
0.6096 9681.51
0.61 9827.39
0.6104 8985.7
0.6108 10296
0.6112 8821.07
0.6116 8647.51
0.612 9046.89
0.6124 9202.34
0.6128 11426
0.6132 9476.18
0.6136 9664.25
0.614 9630.08
0.6144 11178.7
0.6148 8744.18
0.6152 7337.89
0.6156 8218.91
0.616 10092.3
0.6164 8339.61
0.6168 10742
0.6172 9370.32
0.6176 8656.85
0.618 8720.48
0.6184 8584.83
0.6188 8139.28
0.6192 8609.6
0.6196 8426.05
0.62 8897.17
0.6204 7947.73
0.6208 8821.39
0.6212 8437.22
0.6216 8693.87
0.622 8740.78
0.6224 8862.28
0.6228 8165.42
0.6232 9013.9
0.6236 8563.27
0.624 8623.66
0.6244 8223.97
0.6248 8767.71
0.6252 8237.05
0.6256 9100.38
0.626 8425.1
0.6264 7498.9
0.6268 9137.15
0.6272 9797.19
0.6276 10350.1
0.628 9688.95
0.6284 8534.85
0.6288 11758.4
0.6292 11985.6
0.6296 10227.6
0.63 8885.15
0.6304 8220.5
0.6308 7709.96
0.6312 8764.83
0.6316 8007.68
0.632 9128.13
0.6324 7550.77
0.6328 7885.4
0.6332 8873.75
0.6336 8359.42
0.634 9623.82
0.6344 9555.42
0.6348 9317.34
0.6352 8599.16
0.6356 8122.08
0.636 9314.16
0.6364 9921.5
0.6368 9252.73
0.6372 9238.57
0.6376 7963.57
0.638 9321.92
0.6384 10309.5
0.6388 10523.5
0.6392 9061.64
0.6396 8915.73
0.64 8427.72
0.6404 9946.83
0.6408 11217.9
0.6412 9175.02
0.6416 8563.79
0.642 8074.03
0.6424 8169.53
0.6428 10446.2
0.6432 8629.48
0.6436 8836.18
0.644 9223.09
0.6444 8526.12
0.6448 9243.98
0.6452 8813.64
0.6456 8497.74
0.646 10468.6
0.6464 9156.94
0.6468 9841.66
0.6472 9223.56
0.6476 10535.6
0.648 8940.14
0.6484 9425.35
0.6488 9371.26
0.6492 7742.25
0.6496 9494.26
0.65 10360.2
0.6504 9503.73
0.6508 8915.96
0.6512 7697.58
0.6516 9244.87
0.652 7122.28
0.6524 7405.04
0.6528 8223.36
0.6532 8003.71
0.6536 12662.8
0.654 14803.2
0.6544 15849.1
0.6548 17029
0.6552 34699.8
0.6556 60328
0.656 46888.8
0.6564 20472.9
0.6568 12089.5
0.6572 16651.6
0.6576 23115.3
0.658 25614.7
0.6584 14725.1
0.6588 9039.5
0.6592 7867
0.6596 8256.68
0.66 8557.67
0.6604 9349.78
0.6608 7912.86
0.6612 9988.69
0.6616 8349.31
0.662 11609
0.6624 11085.2
0.6628 7790.94
0.6632 7991.3
0.6636 8711.51
0.664 7950.31
0.6644 9442.55
0.6648 10428.3
0.6652 10847.4
0.6656 9975.24
0.666 11572.5
0.6664 8944.06
0.6668 10356.3
0.6672 5654.73
0.6676 8737.43
0.668 9717.23
0.6684 10343.1
0.6688 10760.3
0.6692 9745.77
0.6696 10903.3
0.67 7634.82
0.6704 11503.6
0.6708 13677.7
0.6712 16664.4
0.6716 14830.9
0.672 13232.6
0.6724 17244.3
0.6728 17509.1
0.6732 11661.5
0.6736 9248.72
0.674 8238.39
0.6744 8204.31
0.6748 7809.65
0.6752 6514.69
0.6756 7220.14
0.676 8459.91
0.6764 8311.62
0.6768 8231.75
0.6772 8426.27
0.6776 8496.18
0.678 8449.59
0.6784 8334.2
0.6788 8227.01
0.6792 8357.45
0.6796 8561.1
0.68 8230.43
0.6804 8260.83
0.6808 8310.08
0.6812 8275.71
0.6816 8396.18
0.682 8403.72
0.6824 8277.15
0.6828 8412.52
0.6832 8206.09
0.6836 8051.9
0.684 7893.33
0.6844 7953.14
0.6848 8261.14
0.6852 8302.3
0.6856 7930.88
0.686 8035.09
0.6864 7926.54
0.6868 8100.47
0.6872 8202.85
0.6876 8214.56
0.688 8319.24
0.6884 8328.92
0.6888 8241.32
0.6892 8259.44
0.6896 8292.39
0.69 8577.52
0.6904 8373.26
0.6908 8230.28
0.6912 8554.07
0.6916 8166.81
0.692 8308.2
0.6924 8560.31
0.6928 8506.38
0.6932 8524.75
0.6936 8419.62
0.694 8491.24
0.6944 8554.41
0.6948 8560.05
0.6952 8642.55
0.6956 8596.99
0.696 8534.27
0.6964 8708.85
0.6968 8759.53
0.6972 8581.19
0.6976 8541.89
0.698 8506.82
0.6984 8576.8
0.6988 8597.5
0.6992 8493.7
0.6996 8673.35
0.7 7195.97
0.7004 6994.4
0.7008 8314.02
0.7012 8625.32
0.7016 8796.93
0.702 8595.83
0.7024 8597.23
0.7028 8570.58
0.7032 8595.72
0.7036 8435.09
0.704 8509.9
0.7044 8586.96
0.7048 8724.7
0.7052 8687.19
0.7056 8422.15
0.706 8466.81
0.7064 8680.71
0.7068 8664.8
0.7072 8596.75
0.7076 8476.47
0.708 8362.58
0.7084 8183.31
0.7088 8134.41
0.7092 8155.15
0.7096 8162.83
0.71 8386.36
0.7104 8182.59
0.7108 8094.26
0.7112 8230.77
0.7116 8304.07
0.712 8185.05
0.7124 8133.71
0.7128 8283.68
0.7132 8714.13
0.7136 8934.71
0.714 8524.11
0.7144 8415.77
0.7148 8217.31
0.7152 7939.58
0.7156 8076.83
0.716 8119.69
0.7164 8250.6
0.7168 8476.29
0.7172 8336.66
0.7176 8214.49
0.718 8295.03
0.7184 8298.44
0.7188 8109.83
0.7192 8042.46
0.7196 8078.88
0.72 7971.63
0.7204 8213.76
0.7208 7898.41
0.7212 7689
0.7216 7913.65
0.722 8247.18
0.7224 8325.99
0.7228 8245.07
0.7232 8406.12
0.7236 8420.7
0.724 8330.8
0.7244 8449.89
0.7248 8310.94
0.7252 8321.04
0.7256 8279.89
0.726 8211.95
0.7264 8612.34
0.7268 8542.26
0.7272 8385.02
0.7276 8676.69
0.728 8374.04
0.7284 8437.87
0.7288 8208.6
0.7292 8319.42
0.7296 8638.72
0.73 8649.02
0.7304 8311.7
0.7308 8548.48
0.7312 8284.81
0.7316 8533.06
0.732 9082.77
0.7324 8890.93
0.7328 8827.13
0.7332 8812.79
0.7336 8922.32
0.734 8608.25
0.7344 8618.56
0.7348 8710.1
0.7352 8630.17
0.7356 8800.87
0.736 8768.36
0.7364 8724.49
0.7368 8927.19
0.7372 8763.38
0.7376 8848.53
0.738 8834.06
0.7384 8747.02
0.7388 8639.45
0.7392 8860.9
0.7396 8850.93
0.74 8531.91
0.7404 8737.73
0.7408 9014.28
0.7412 8717.58
0.7416 8712.04
0.742 8376.11
0.7424 8589.22
0.7428 8950.81
0.7432 8863.21
0.7436 8551.74
0.744 8708.27
0.7444 8807.81
0.7448 8738.22
0.7452 8796.7
0.7456 8745.33
0.746 8586.24
0.7464 8855.57
0.7468 8861.47
0.7472 8897.2
0.7476 8974.28
0.748 8952.67
0.7484 9032.16
0.7488 8941.57
0.7492 8512.7
0.7496 8511.5
0.75 8805.07
0.7504 9002.18
0.7508 8985.08
0.7512 8926.44
0.7516 8971.59
0.752 9116.07
0.7524 8814.8
0.7528 9014.82
0.7532 8851.94
0.7536 8827.72
0.754 9180.86
0.7544 9286.5
0.7548 9155.84
0.7552 9349.69
0.7556 9843.04
0.756 10146.6
0.7564 8815.24
0.7568 8063.48
0.7572 8052.62
0.7576 8327.89
0.758 9331.98
0.7584 9449.84
0.7588 8922.41
0.7592 8359.45
0.7596 7576.64
0.76 7812.82
0.7604 7986.21
0.7608 8531.22
0.7612 8476.09
0.7616 8441.95
0.762 8456.89
0.7624 8207.31
0.7628 8175.3
0.7632 8440.87
0.7636 8612.93
0.764 8550.56
0.7644 8631.3
0.7648 8575.9
0.7652 8595.64
0.7656 8526.05
0.766 8242.34
0.7664 8080.71
0.7668 8627.62
0.7672 8720.44
0.7676 8495.14
0.768 8168.19
0.7684 7862.13
0.7688 8245.08
0.7692 8779.59
0.7696 8593.88
0.77 8788.63
0.7704 8699.71
0.7708 8534.95
0.7712 8296.6
0.7716 8318.62
0.772 8326.43
0.7724 8642.58
0.7728 8752.59
0.7732 8459.1
0.7736 8849.42
0.774 8821.85
0.7744 8672.96
0.7748 8861.76
0.7752 9191.18
0.7756 9042.24
0.776 8402.27
0.7764 8822.54
0.7768 8761.41
0.7772 8599.97
0.7776 8782.2
0.778 9029.11
0.7784 8408.62
0.7788 8619.71
0.7792 8687.45
0.7796 8839.03
0.78 8930.88
0.7804 9104.3
0.7808 9498.47
0.7812 9552.4
0.7816 9145.58
0.782 9348.24
0.7824 8772.71
0.7828 8619.63
0.7832 8608.28
0.7836 8738.87
0.784 8927.37
0.7844 8887.23
0.7848 8615.7
0.7852 8640.45
0.7856 8600.08
0.786 8962.73
0.7864 9301.59
0.7868 9447.51
0.7872 9078.69
0.7876 8823.17
0.788 8289.11
0.7884 8219.32
0.7888 8764.67
0.7892 8990.69
0.7896 8838.68
0.79 8783.56
0.7904 8971.06
0.7908 8716.81
0.7912 8707.68
0.7916 8657.2
0.792 8735.55
0.7924 8534.17
0.7928 8390.99
0.7932 8469.31
0.7936 8360.07
0.794 8479.88
0.7944 8487.6
0.7948 8595.38
0.7952 8752.1
0.7956 8581.6
0.796 8288.72
0.7964 8513.97
0.7968 9152.93
0.7972 8903.93
0.7976 9007.34
0.798 9152.51
0.7984 8331.89
0.7988 9060.62
0.7992 8702.93
0.7996 8835.93
0.8 9246.64
0.8004 9325.96
0.8008 9083.22
0.8012 9317.51
0.8016 8983.44
0.802 8572.68
0.8024 8974.59
0.8028 9364.57
0.8032 9130.94
0.8036 8980.96
0.804 8919.71
0.8044 9117.74
0.8048 8836.53
0.8052 9220.14
0.8056 9285.01
0.806 9250.94
0.8064 8956.83
0.8068 8969.61
0.8072 8999.75
0.8076 9141.51
0.808 9122.12
0.8084 8926.47
0.8088 8837.4
0.8092 9011.63
0.8096 9016.97
0.81 9141.69
0.8104 9236.67
0.8108 9075.29
0.8112 9040.79
0.8116 8963.88
0.812 9353.14
0.8124 9473.36
0.8128 9244.27
0.8132 9269.65
0.8136 9320.03
0.814 9277.97
0.8144 9443.42
0.8148 9238.73
0.8152 9171.51
0.8156 9084.18
0.816 9207.23
0.8164 9398.08
0.8168 9383.44
0.8172 9311.07
0.8176 9454.52
0.818 9497.63
0.8184 9309.58
0.8188 9226.94
0.8192 8824.73
0.8196 8789.57
0.82 8918.03
0.8204 9026.46
0.8208 9024.08
0.8212 9132.65
0.8216 9221.13
0.822 9307.16
0.8224 8825.08
0.8228 9029.73
0.8232 9408.99
0.8236 9611.59
0.824 9718.22
0.8244 9009.82
0.8248 9032.67
0.8252 8893.36
0.8256 8655.04
0.826 8439.3
0.8264 8296.94
0.8268 9114.11
0.8272 8989.7
0.8276 8928.69
0.828 8732.87
0.8284 9264.36
0.8288 9228.82
0.8292 9967.29
0.8296 10627.5
0.83 9685.21
0.8304 8900.11
0.8308 7808.11
0.8312 7723.23
0.8316 8593.29
0.832 9057.96
0.8324 9027.21
0.8328 8970.85
0.8332 9374.94
0.8336 9223.97
0.834 9544.05
0.8344 9195.71
0.8348 9592.97
0.8352 9875.2
0.8356 8864.5
0.836 9128.65
0.8364 8684.21
0.8368 9251.73
0.8372 8989.42
0.8376 9351.85
0.838 9778.95
0.8384 10077.7
0.8388 8032.92
0.8392 7957.47
0.8396 8126.87
0.84 9111.51
0.8404 9289.35
0.8408 9281.46
0.8412 9787.58
0.8416 9371.59
0.842 9405.07
0.8424 8916.06
0.8428 8260.95
0.8432 8040.18
0.8436 9293.15
0.844 9458.81
0.8444 9821.67
0.8448 9538.95
0.8452 9253.34
0.8456 9499.76
0.846 9281.4
0.8464 8779.52
0.8468 8274.57
0.8472 8606.81
0.8476 9428.65
0.848 9235.74
0.8484 9540.22
0.8488 9508.76
0.8492 8919.23
0.8496 8608.28
0.85 8881.69
0.8504 8651.36
0.8508 8791.8
0.8512 9081.33
0.8516 8500.35
0.852 8897.28
0.8524 8807.72
0.8528 8759.97
0.8532 8573.32
0.8536 8137.48
0.854 7887.41
0.8544 7959.8
0.8548 8284.23
0.8552 9128.91
0.8556 9567.15
0.856 9435.4
0.8564 9206.23
0.8568 9666.15
0.8572 9526.35
0.8576 9215.24
0.858 9443.94
0.8584 9828.35
0.8588 9334.96
0.8592 9297.54
0.8596 9890.93
0.86 9513.05
0.8604 9396.38
0.8608 9800.31
0.8612 9837.02
0.8616 9291.72
0.862 9558.49
0.8624 9743.42
0.8628 10127.2
0.8632 9808.95
0.8636 9299.45
0.864 9357.23
0.8644 9263.75
0.8648 9690.67
0.8652 9018.08
0.8656 8666.48
0.866 8359.75
0.8664 8337.4
0.8668 8796.78
0.8672 9032.89
0.8676 9410.42
0.868 9535.08
0.8684 9713.17
0.8688 9499.26
0.8692 9677.49
0.8696 9906.62
0.87 9794
0.8704 10183.7
0.8708 10164.7
0.8712 10862.6
0.8716 10648.5
0.872 10487.7
0.8724 9485.63
0.8728 9744.94
0.8732 9299.29
0.8736 9502.41
0.874 9421.22
0.8744 9589.66
0.8748 10000
0.8752 9892.04
0.8756 9434.44
0.876 9998.58
0.8764 10097.7
0.8768 9865.68
0.8772 10980.3
0.8776 12370.7
0.878 11489.7
0.8784 10232.9
0.8788 8761.82
0.8792 8442.15
0.8796 9118.85
0.88 9288.14
0.8804 9760.36
0.8808 9786.74
0.8812 10086.4
0.8816 10402.6
0.882 10283.1
0.8824 10106.5
0.8828 9840.3
0.8832 10514.9
0.8836 12066.5
0.884 11339.4
0.8844 10030.4
0.8848 9095.17
0.8852 9876.97
0.8856 10227.1
0.886 9611.69
0.8864 10231.4
0.8868 10982.5
0.8872 9897.99
0.8876 9030.57
0.888 8456.85
0.8884 8411.83
0.8888 9908.77
0.8892 10667.1
0.8896 10243.3
0.89 9860.12
0.8904 10012.5
0.8908 10739.4
0.8912 9723.72
0.8916 8898.8
0.892 8599.03
0.8924 9293.7
0.8928 10150.7
0.8932 9969.04
0.8936 10615.9
0.894 9550.25
0.8944 10057.4
0.8948 10738.1
0.8952 10050.4
0.8956 9760.9
0.896 9559.17
0.8964 9431.58
0.8968 9722.44
0.8972 9875.81
0.8976 10271.9
0.898 10591
0.8984 10402.9
0.8988 10689.3
0.8992 10401.6
0.8996 10017
0.9016 10013.2
0.9036 10009.5
0.9056 10005.4
0.9076 10001.4
0.9096 9997.11
0.9116 9992.97
0.9136 9988.45
0.9156 9983.83
0.9176 9979.4
0.9196 9974.61
0.9216 9970.02
0.9236 9965.07
0.9256 9960.06
0.9276 9955.26
0.9296 9950.11
0.9316 9945.2
0.9336 9939.95
0.9356 9934.94
0.9376 9929.61
0.9396 9924.24
0.9416 9919.13
0.9436 9913.7
0.9456 9908.55
0.9476 9903.08
0.9496 9897.9
0.9516 9892.42
0.9536 9886.94
0.9556 9881.76
0.9576 9876.3
0.9596 9871.13
0.9616 9865.7
0.9636 9860.58
0.9656 9855.19
0.9676 9849.84
0.9696 9844.82
0.9716 9839.54
0.9736 9834.6
0.9756 9829.42
0.9776 9824.28
0.9796 9819.5
0.9816 9814.49
0.9836 9809.84
0.9856 9804.95
0.9876 9800.44
0.9896 9795.7
0.9916 9791.03
0.9936 9786.76
0.9956 9782.26
0.9976 9778.14
0.9996 9773.82
1.0016 9769.9
1.0036 9757.16
1.0056 9744.29
1.0076 9731.62
1.0096 9718.5
1.0116 9705.57
1.0136 9692.19
1.0156 9679.01
1.0176 9665.38
1.0196 9651.61
1.0216 9638.05
1.0236 9624.02
1.0256 9610.21
1.0276 9595.93
1.0296 9581.52
1.0316 9567.32
1.0336 9552.66
1.0356 9538.2
1.0376 9523.28
1.0396 9508.57
1.0416 9493.39
1.0436 9478.09
1.0456 9462.99
1.0476 9447.43
1.0496 9432.08
1.0516 9416.27
1.0536 9400.66
1.0556 9384.59
1.0576 9368.39
1.0596 9352.4
1.0616 9335.94
1.0636 9319.7
1.0656 9302.98
1.0676 9286.48
1.0696 9269.51
1.0716 9252.41
1.0736 9235.53
1.0756 9218.17
1.0776 9201.04
1.0796 9183.43
1.0816 9165.68
1.0836 9148.16
1.0856 9130.17
1.0876 9112.39
1.0896 9094.14
1.0916 9076.11
1.0936 9057.6
1.0956 9038.96
1.0976 9020.55
1.0996 9001.65
1.1016 8982.98
1.1036 8963.83
1.1056 8944.91
1.1076 8925.5
1.1096 8905.96
1.1116 8886.66
1.1136 8866.87
1.1156 8847.31
1.1176 8827.25
1.1196 8807.44
1.1216 8787.13
1.1236 8766.7
1.1256 8746.5
1.1276 8725.81
1.1296 8705.36
1.1316 8684.41
1.1336 8663.33
1.1356 8642.49
1.1376 8621.16
1.1396 8600.07
1.1416 8578.48
1.1436 8557.13
1.1456 8535.29
1.1476 8513.31
1.1496 8491.59
1.1516 8469.35
1.1536 8447.37
1.1556 8424.88
1.1576 8402.64
1.1596 8379.9
1.1616 8357.03
1.1636 8334.41
1.1656 8311.28
1.1676 8288.4
1.1696 8265.01
1.1716 8241.88
1.1736 8218.24
1.1756 8194.47
1.1776 8170.95
1.1796 8146.93
1.1816 8123.16
1.1836 8098.87
1.1856 8074.46
1.1876 8050.31
1.1896 8025.64
1.1916 8001.23
1.1936 7976.31
1.1956 7951.65
1.1976 7926.46
1.1996 7901.16
1.2016 7876.11
1.2036 7850.54
1.2056 7825.24
1.2076 7799.42
1.2096 7773.86
1.2116 7747.78
1.2136 7721.58
1.2156 7695.64
1.2176 7669.17
1.2196 7642.98
1.2216 7616.26
1.2236 7589.81
1.2256 7562.83
1.2276 7535.73
1.2296 7508.89
1.2316 7481.53
1.2336 7454.44
1.2356 7426.83
1.2376 7399.08
1.2396 7371.61
1.2416 7343.61
1.2436 7315.88
1.2456 7287.62
1.2476 7259.64
1.2496 7231.13
1.2516 7210.61
1.2536 7209.11
1.2556 7207.16
1.2576 7205.58
1.2596 7203.55
1.2616 7201.88
1.2636 7199.77
1.2656 7197.61
1.2676 7195.81
1.2696 7193.57
1.2716 7191.69
1.2736 7189.36
1.2756 7187.41
1.2776 7184.99
1.2796 7182.95
1.2816 7180.45
1.2836 7178.32
1.2856 7175.74
1.2876 7173.53
1.2896 7170.86
1.2916 7168.14
1.2936 7165.81
1.2956 7163.01
1.2976 7160.59
1.2996 7157.71
1.3016 7155.2
1.3036 7152.23
1.3056 7149.65
1.3076 7146.59
1.3096 7143.92
1.3116 7140.79
1.3136 7138.03
1.3156 7134.81
1.3176 7131.54
1.3196 7128.66
1.3216 7125.31
1.3236 7122.35
1.3256 7118.91
1.3276 7115.86
1.3296 7112.34
1.3316 7109.21
1.3336 7105.6
1.3356 7102.39
1.3376 7098.69
1.3396 7095.4
1.3416 7091.62
1.3436 7087.8
1.3456 7084.37
1.3476 7080.47
1.3496 7076.96
1.3516 7072.97
1.3536 7069.38
1.3556 7065.31
1.3576 7061.63
1.3596 7057.47
1.3616 7053.71
1.3636 7049.47
1.3656 7045.62
1.3676 7041.29
1.3696 7036.92
1.3716 7032.95
1.3736 7028.49
1.3756 7024.44
1.3776 7019.9
1.3796 7015.76
1.3816 7011.13
1.3836 7006.91
1.3856 7002.2
1.3876 6997.89
1.3896 6993.1
1.3916 6988.71
1.3936 6983.83
1.3956 6978.9
1.3976 6974.39
1.3996 6969.38
1.4016 6964.78
1.4036 6959.68
1.4056 6955
1.4076 6949.82
1.4096 6945.05
1.4116 6939.79
1.4136 6934.94
1.4156 6929.59
1.4176 6924.65
1.4196 6919.22
1.4216 6913.74
1.4236 6908.68
1.4256 6903.12
1.4276 6897.98
1.4296 6892.33
1.4316 6887.1
1.4336 6881.37
1.4356 6876.06
1.4376 6870.24
1.4396 6864.84
1.4416 6858.94
1.4436 6853.46
1.4456 6847.47
1.4476 6841.44
1.4496 6835.84
1.4516 6829.72
1.4536 6824.04
1.4556 6817.83
1.4576 6812.06
1.4596 6805.78
1.4616 6799.92
1.4636 6793.55
1.4656 6787.61
1.4676 6781.15
1.4696 6775.13
1.4716 6768.59
1.4736 6762.01
1.4756 6755.86
1.4776 6749.19
1.4796 6742.96
1.4816 6736.2
1.4836 6729.89
1.4856 6723.05
1.4876 6716.65
1.4896 6709.72
1.4916 6703.24
1.4936 6696.23
1.4956 6689.18
1.4976 6682.57
1.4996 6675.43
1.5016 6668.74
1.5036 6661.51
1.5056 6654.74
1.5076 6647.43
1.5096 6640.57
1.5116 6633.18
1.5136 6626.23
1.5156 6618.75
1.5176 6611.73
1.5196 6604.16
1.5216 6596.56
1.5236 6589.4
1.5256 6581.71
1.5276 6574.48
1.5296 6566.7
1.5316 6559.38
1.5336 6551.52
1.5356 6544.11
1.5376 6536.17
1.5396 6528.68
1.5416 6520.65
1.5436 6513.07
1.5456 6504.96
1.5476 6496.8
1.5496 6489.1
1.5516 6480.86
1.5536 6473.08
1.5556 6464.75
1.5576 6456.88
1.5596 6448.47
1.5616 6440.52
1.5636 6432.02
1.5656 6423.99
1.5676 6415.4
1.5696 6407.28
1.5716 6398.62
1.5736 6389.9
1.5756 6381.66
1.5776 6372.86
1.5796 6364.54
1.5816 6355.65
1.5836 6347.24
1.5856 6338.28
1.5876 6329.78
1.5896 6320.73
1.5916 6312.15
1.5936 6303.02
1.5956 6294.35
1.5976 6285.13
1.5996 6275.87
1.6016 6267.08
1.6036 6257.73
1.6056 6248.86
1.6076 6239.42
1.6096 6230.47
1.6116 6220.95
1.6136 6211.91
1.6156 6202.3
1.6176 6193.18
1.6196 6183.49
1.6216 6174.29
1.6236 6164.51
1.6256 6154.69
1.6276 6145.36
1.6296 6135.46
1.6316 6126.04
1.6336 6116.05
1.6356 6106.55
1.6376 6098.07
1.6396 6093.28
1.6416 6088.46
1.6436 6083.61
1.6456 6078.73
1.6476 6073.28
1.6496 6068.34
1.6516 6063.37
1.6536 6058.36
1.6556 6053.33
1.6576 6048.27
1.6596 6043.18
1.6616 6037.52
1.6636 6032.37
1.6656 6027.19
1.6676 6021.97
1.6696 6016.73
1.6716 6011.46
1.6736 6006.16
1.6756 6000.83
1.6776 5994.92
1.6796 5989.53
1.6816 5984.11
1.6836 5978.66
1.6856 5973.18
1.6876 5967.67
1.6896 5962.13
1.6916 5956.01
1.6936 5950.41
1.6956 5944.78
1.6976 5939.12
1.6996 5933.42
1.7016 5927.7
1.7036 5921.95
1.7056 5915.62
1.7076 5909.81
1.7096 5903.97
1.7116 5898.1
1.7136 5892.2
1.7156 5886.27
1.7176 5880.31
1.7196 5874.32
1.7216 5867.74
1.7236 5861.69
1.7256 5855.61
1.7276 5849.5
1.7296 5843.36
1.7316 5837.19
1.7336 5830.99
1.7356 5824.2
1.7376 5817.94
1.7396 5811.65
1.7416 5805.33
1.7436 5798.98
1.7456 5792.6
1.7476 5786.19
1.7496 5779.75
1.7516 5772.71
1.7536 5766.21
1.7556 5759.69
1.7576 5753.13
1.7596 5746.54
1.7616 5739.92
1.7636 5733.27
1.7656 5726.02
1.7676 5719.31
1.7696 5712.57
1.7716 5705.8
1.7736 5699
1.7756 5692.17
1.7776 5685.31
1.7796 5678.43
1.7816 5670.93
1.7836 5663.98
1.7856 5657
1.7876 5649.99
1.7896 5642.96
1.7916 5635.89
1.7936 5628.79
1.7956 5621.08
1.7976 5613.92
1.7996 5606.73
1.8016 5599.52
1.8036 5592.27
1.8056 5584.99
1.8076 5577.68
1.8096 5569.76
1.8116 5562.39
1.8136 5554.99
1.8156 5547.56
1.8176 5540.11
1.8196 5532.62
1.8216 5525.1
1.8236 5517.55
1.8256 5509.38
1.8276 5501.78
1.8296 5494.14
1.8316 5486.47
1.8336 5478.78
1.8356 5471.05
1.8376 5463.29
1.8396 5454.91
1.8416 5447.09
1.8436 5439.24
1.8456 5431.37
1.8476 5423.46
1.8496 5415.52
1.8516 5407.56
1.8536 5399.56
1.8556 5390.93
1.8576 5382.88
1.8596 5374.79
1.8616 5366.67
1.8636 5358.53
1.8656 5350.35
1.8676 5342.14
1.8696 5333.3
1.8716 5325.03
1.8736 5316.74
1.8756 5308.41
1.8776 5300.06
1.8796 5291.67
1.8816 5283.25
1.8836 5274.81
1.8856 5265.72
1.8876 5257.22
1.8896 5248.68
1.8916 5240.11
1.8936 5231.52
1.8956 5222.89
1.8976 5214.24
1.8996 5204.94
1.9016 5196.22
1.9036 5187.48
1.9056 5178.7
1.9076 5169.89
1.9096 5161.06
1.9116 5152.19
1.9136 5142.68
1.9156 5133.75
1.9176 5124.8
1.9196 5115.81
1.9216 5106.8
1.9236 5097.75
1.9256 5088.68
1.9276 5079.58
1.9296 5069.81
1.9316 5060.65
1.9336 5051.46
1.9356 5042.23
1.9376 5032.98
1.9396 5023.69
1.9416 5014.38
1.9436 5004.4
1.9456 4995.03
1.9476 4985.62
1.9496 4976.19
1.9516 4966.73
1.9536 4957.23
1.9556 4947.71
1.9576 4938.15
1.9596 4927.94
1.9616 4918.32
1.9636 4908.68
1.9656 4899
1.9676 4889.3
1.9696 4879.57
1.9716 4869.8
1.9736 4859.37
1.9756 4849.55
1.9776 4839.69
1.9796 4829.81
1.9816 4819.9
1.9836 4809.95
1.9856 4799.98
1.9876 4789.98
1.9896 4779.3
1.9916 4769.23
1.9936 4759.14
1.9956 4749.02
1.9976 4738.87
1.9996 4728.68
2.0016 4718.47
2.0036 4707.58
2.0056 4697.31
2.0076 4687
2.0096 4676.67
2.0116 4666.31
2.0136 4655.91
2.0156 4645.49
2.0176 4634.39
2.0196 4623.9
2.0216 4613.39
2.0236 4602.85
2.0256 4592.28
2.0276 4581.67
2.0296 4571.04
2.0316 4560.38
2.0336 4549.03
2.0356 4538.31
2.0376 4527.56
2.0396 4516.77
2.0416 4505.96
2.0436 4495.12
2.0456 4484.25
2.0476 4472.68
2.0496 4461.75
2.0516 4450.79
2.0536 4439.8
2.0556 4428.78
2.0576 4417.73
2.0596 4406.64
2.0616 4395.53
2.0636 4383.72
2.0656 4372.55
2.0676 4361.35
2.0696 4350.12
2.0716 4338.86
2.0736 4327.57
2.0756 4316.25
2.0776 4304.22
2.0796 4292.84
2.0816 4281.43
2.0836 4269.99
2.0856 4258.52
2.0876 4247.02
2.0896 4235.49
2.0916 4223.93
2.0936 4211.66
2.0956 4200.04
2.0976 4188.39
2.0996 4176.71
2.1016 4165
2.1036 4153.26
2.1056 4141.49
2.1076 4129
2.1096 4117.17
2.1116 4105.31
2.1136 4093.42
2.1156 4081.5
2.1176 4069.55
2.1196 4057.58
2.1216 4044.88
2.1236 4032.84
2.1256 4020.77
2.1276 4008.67
2.1296 3996.54
2.1316 3984.38
2.1336 3972.19
2.1356 3959.97
2.1376 3947.03
2.1396 3934.75
2.1416 3922.44
2.1436 3910.1
2.1456 3897.73
2.1476 3885.33
2.1496 3872.9
2.1516 3859.75
2.1536 3847.26
2.1556 3834.74
2.1576 3822.19
2.1596 3809.61
2.1616 3797
2.1636 3784.37
2.1656 3771.7
2.1676 3758.3
2.1696 3745.57
2.1716 3732.81
2.1736 3720.02
2.1756 3707.2
2.1776 3694.35
2.1796 3681.48
2.1816 3667.86
2.1836 3654.92
2.1856 3641.95
2.1876 3628.96
2.1896 3615.93
2.1916 3602.87
2.1936 3589.78
2.1956 3576.67
2.1976 3562.81
2.1996 3549.63
2.2016 3536.42
2.2036 3523.18
2.2056 3509.91
2.2076 3496.62
2.2096 3483.29
2.2116 3469.22
2.2136 3455.83
2.2156 3442.41
2.2176 3428.96
2.2196 3415.49
2.2216 3401.98
2.2236 3388.44
2.2256 3374.15
2.2276 3360.56
2.2296 3346.93
2.2316 3333.27
2.2336 3319.59
2.2356 3305.87
2.2376 3292.12
2.2396 3278.35
2.2416 3263.81
2.2436 3249.98
2.2456 3236.11
2.2476 3222.21
2.2496 3208.29
2.2516 3194.33
2.2536 3180.35
2.2556 3165.6
2.2576 3151.55
2.2596 3137.48
2.2616 3123.37
2.2636 3109.23
2.2656 3095.07
2.2676 3080.87
2.2696 3066.65
2.2716 3051.65
2.2736 3037.37
2.2756 3023.05
2.2776 3008.71
2.2796 2994.33
2.2816 2979.93
2.2836 2965.49
2.2856 2950.28
2.2876 2935.79
2.2896 2921.26
2.2916 2906.71
2.2936 2892.12
2.2956 2877.51
2.2976 2862.86
2.2996 2848.19
2.3016 2832.74
2.3036 2818
2.3056 2803.24
2.3076 2788.44
2.3096 2773.62
2.3116 2758.76
2.3136 2743.88
2.3156 2728.21
2.3176 2713.27
2.3196 2698.29
2.3216 2683.29
2.3236 2668.25
2.3256 2653.19
2.3276 2638.1
2.3296 2622.22
2.3316 2607.06
2.3336 2591.88
2.3356 2576.66
2.3376 2561.42
2.3396 2546.14
2.3416 2530.84
2.3436 2515.51
2.3456 2499.38
2.3476 2483.99
2.3496 2468.56
2.3516 2453.11
2.3536 2437.63
2.3556 2422.11
2.3576 2406.57
2.3596 2390.23
2.3616 2374.63
2.3636 2359
2.3656 2343.33
2.3676 2327.64
2.3696 2311.92
2.3716 2296.16
2.3736 2280.38
2.3756 2263.8
2.3776 2247.95
2.3796 2232.08
2.3816 2216.18
2.3836 2200.24
2.3856 2184.28
2.3876 2168.29
2.3896 2151.49
2.3916 2135.44
2.3936 2119.36
2.3956 2103.24
2.3976 2087.1
2.3996 2070.93
2.4016 2054.73
2.4036 2038.49
2.4056 2021.45
2.4076 2005.16
2.4096 1988.84
2.4116 1972.49
2.4136 1956.1
2.4156 1939.69
2.4176 1923.25
2.4196 1905.99
2.4216 1889.49
2.4236 1872.96
2.4256 1856.4
2.4276 1839.81
2.4296 1823.18
2.4316 1806.53
2.4336 1789.06
2.4356 1772.35
2.4376 1755.61
2.4396 1738.84
2.4416 1722.04
2.4436 1705.2
2.4456 1688.34
2.4476 1671.45
2.4496 1653.74
2.4516 1636.79
2.4536 1619.8
2.4556 1602.79
2.4576 1585.75
2.4596 1568.68
2.4616 1551.58
2.4636 1533.65
2.4656 1516.49
2.4676 1499.3
2.4696 1482.08
2.4716 1464.83
2.4736 1447.55
2.4756 1430.24
2.4776 1412.9
2.4796 1394.72
2.4816 1377.32
2.4836 1359.89
2.4856 1342.43
2.4876 1324.94
2.4896 1307.42
2.4916 1289.87
2.4936 1271.48
2.4956 1253.87
2.4976 1236.23
2.4996 1218.56
2.5016 1200.86
2.5036 1183.13
2.5056 1165.38
2.5076 1147.59
2.5096 1128.95
2.5116 1111.1
2.5136 1093.22
2.5156 1075.31
2.5176 1057.37
2.5196 1039.41
2.5216 1021.41
2.5236 1002.56
2.5256 984.5
2.5276 966.41
2.5296 948.291
2.5316 930.142
2.5336 911.964
2.5356 893.755
2.5376 874.693
2.5396 856.424
2.5416 838.125
2.5436 819.796
2.5456 801.438
2.5476 783.049
2.5496 764.631
2.5516 746.183
2.5536 726.876
2.5556 708.368
2.5576 689.829
2.5596 671.261
