0.0912 203.464
0.092 208.417
0.093 214.171
0.094 220.007
0.095 225.921
0.096 231.916
0.097 237.99
0.098 244.143
0.099 250.375
0.1 256.687
0.101 263.077
0.102 269.546
0.103 276.092
0.104 282.716
0.105 289.418
0.106 296.198
0.107 303.054
0.108 309.987
0.109 316.996
0.11 324.081
0.111 331.241
0.112 338.477
0.113 345.787
0.114 353.172
0.115 360.631
0.116 368.163
0.117 375.769
0.118 383.448
0.119 391.199
0.12 399.021
0.121 406.915
0.122 414.881
0.123 422.917
0.124 431.023
0.125 439.198
0.126 447.443
0.127 455.756
0.128 464.138
0.129 472.588
0.13 481.105
0.131 489.688
0.132 498.338
0.133 507.053
0.134 515.834
0.135 524.68
0.136 533.591
0.137 542.563
0.138 551.599
0.139 560.699
0.14 569.861
0.141 579.085
0.142 588.37
0.143 597.715
0.144 607.119
0.145 616.584
0.146 626.108
0.147 635.692
0.148 645.334
0.149 655.032
0.15 664.787
0.151 674.598
0.152 684.467
0.153 694.392
0.154 704.372
0.155 714.405
0.156 724.492
0.157 734.633
0.158 744.828
0.159 755.076
0.16 765.378
0.161 775.518
0.162 785.705
0.163 795.942
0.164 806.226
0.165 816.559
0.166 826.94
0.167 837.366
0.168 847.836
0.169 858.352
0.17 868.915
0.171 879.747
0.172 890.628
0.173 901.555
0.174 912.525
0.175 923.542
0.176 934.605
0.177 945.714
0.178 956.869
0.179 968.069
0.18 979.309
0.181 985.364
0.182 991.404
0.183 997.431
0.184 1003.44
0.185 1009.44
0.186 1015.42
0.187 1021.39
0.188 1027.33
0.189 1033.27
0.19 1039.19
0.191 1041.57
0.192 1043.91
0.193 1046.19
0.194 1048.41
0.195 1050.58
0.196 1052.7
0.197 1054.76
0.198 1056.77
0.199 1058.72
0.2 1060.61
0.201 1061.4
0.202 1062.12
0.203 1062.77
0.204 1063.36
0.205 1063.88
0.206 1064.33
0.207 1064.72
0.208 1065.04
0.209 1065.3
0.21 1065.49
0.211 1066.72
0.212 1067.89
0.213 1069.01
0.214 1070.07
0.215 1071.08
0.216 1072.03
0.217 1072.92
0.218 1073.76
0.219 1074.54
0.22 1075.26
0.221 1077.97
0.222 1080.63
0.223 1083.26
0.224 1085.85
0.225 1088.4
0.226 1090.92
0.227 1093.4
0.228 1095.84
0.229 1098.24
0.23 1100.61
0.231 1103.25
0.232 1105.85
0.233 1108.42
0.234 1110.96
0.235 1113.47
0.236 1115.94
0.237 1118.38
0.238 1120.78
0.239 1123.16
0.24 1125.51
0.241 1128.77
0.242 1132.01
0.243 1135.22
0.244 1138.42
0.245 1141.59
0.246 1144.74
0.247 1147.87
0.248 1150.98
0.249 1154.06
0.25 1157.13
0.251 1160.51
0.252 1163.87
0.253 1167.21
0.254 1170.53
0.255 1173.84
0.256 1177.13
0.257 1180.41
0.258 1183.68
0.259 1186.93
0.26 1190.16
0.261 1193.04
0.262 1195.9
0.263 1198.75
0.264 1201.58
0.265 1204.4
0.266 1207.2
0.267 1209.99
0.268 1212.77
0.269 1215.54
0.27 1218.29
0.271 1221.39
0.272 1224.48
0.273 1227.56
0.274 1230.63
0.275 1233.7
0.276 1236.76
0.277 1239.81
0.278 1242.86
0.279 1245.91
0.28 1248.95
0.281 1253.46
0.282 1257.98
0.283 1262.51
0.284 1267.04
0.285 1271.59
0.286 1276.15
0.287 1280.71
0.288 1285.29
0.289 1289.87
0.29 1294.47
0.2904 1297.08
0.2908 1299.69
0.2912 1302.3
0.2916 1304.92
0.292 1307.54
0.2924 1310.17
0.2928 1312.8
0.2932 1315.44
0.2936 1318.08
0.294 1320.72
0.2944 1323.76
0.2948 1326.8
0.2952 1329.84
0.2956 1332.9
0.296 1335.95
0.2964 1339.02
0.2968 1342.09
0.2972 1345.16
0.2976 1348.24
0.298 1351.33
0.2984 1354.42
0.2988 1357.52
0.2992 1360.62
0.2996 1363.73
0.3 1366.85
0.3004 1369.97
0.3008 1373.1
0.3012 1376.24
0.3016 1379.38
0.302 1382.52
0.3024 1386.47
0.3028 1390.43
0.3032 1394.39
0.3036 1398.37
0.304 1402.35
0.3044 1406.34
0.3048 1410.34
0.3052 1414.34
0.3056 1418.36
0.306 1422.39
0.3064 1426.82
0.3068 1431.27
0.3072 1435.72
0.3076 1440.19
0.308 1444.66
0.3084 1449.15
0.3088 1453.64
0.3092 1458.15
0.3096 1462.67
0.31 1467.19
0.3104 1472.54
0.3108 1477.91
0.3112 1483.28
0.3116 1488.67
0.312 1494.07
0.3124 1499.48
0.3128 1504.91
0.3132 1510.35
0.3136 1515.8
0.314 1521.26
0.3144 1527.15
0.3148 1533.05
0.3152 1538.97
0.3156 1544.9
0.316 1550.84
0.3164 1556.8
0.3168 1562.78
0.3172 1568.76
0.3176 1574.76
0.318 1580.78
0.3184 1588.06
0.3188 1595.36
0.3192 1602.68
0.3196 1610.01
0.32 1617.36
0.3204 1624.73
0.3208 1632.12
0.3212 1639.52
0.3216 1646.94
0.322 1654.38
0.3224 1662.26
0.3228 1670.16
0.3232 1678.08
0.3236 1686.02
0.324 1693.97
0.3244 1701.94
0.3248 1709.94
0.3252 1717.95
0.3256 1725.98
0.326 1734.03
0.3264 1742.96
0.3268 1751.9
0.3272 1760.87
0.3276 1769.86
0.328 1778.87
0.3284 1787.91
0.3288 1796.96
0.3292 1806.03
0.3296 1815.13
0.33 1824.25
0.3304 1834.69
0.3308 1845.16
0.3312 1855.65
0.3316 1866.16
0.332 1876.7
0.3324 1887.27
0.3328 1897.86
0.3332 1908.47
0.3336 1919.11
0.334 1929.77
0.3344 1940.9
0.3348 1952.06
0.3352 1963.24
0.3356 1974.45
0.336 1985.68
0.3364 1996.94
0.3368 2008.23
0.3372 2019.54
0.3376 2030.87
0.338 2042.24
0.3384 2054.52
0.3388 2066.82
0.3392 2079.16
0.3396 2091.53
0.34 2103.92
0.3404 2116.34
0.3408 2128.8
0.3412 2141.27
0.3416 2153.78
0.342 2166.32
0.3424 2178.43
0.3428 2190.58
0.3432 2202.75
0.3436 2214.95
0.344 2227.18
0.3444 2239.44
0.3448 2251.71
0.3452 2264.03
0.3456 2276.37
0.346 2288.73
0.3464 2301.59
0.3468 2314.47
0.3472 2327.37
0.3476 2340.31
0.348 2353.28
0.3484 2366.27
0.3488 2379.3
0.3492 2392.35
0.3496 2405.43
0.35 2418.55
0.3504 2439.06
0.3508 2459.61
0.3512 2480.21
0.3516 2500.86
0.352 2521.54
0.3524 2542.29
0.3528 2563.07
0.3532 2583.9
0.3536 2604.78
0.354 2625.71
0.3544 2619.2
0.3548 2612.7
0.3552 2606.17
0.3556 2599.63
0.356 2593.07
0.3564 2586.5
0.3568 2579.91
0.3572 2573.31
0.3576 2566.69
0.358 2560.05
0.3584 2556.24
0.3588 2552.4
0.3592 2548.55
0.3596 2544.71
0.36 2540.85
0.3604 2536.98
0.3608 2533.1
0.3612 2529.22
0.3616 2525.32
0.362 2521.42
0.3624 2541.31
0.3628 2561.24
0.3632 2581.22
0.3636 2601.24
0.364 2621.3
0.3644 2641.42
0.3648 2661.57
0.3652 2681.76
0.3656 2702.01
0.366 2722.29
0.3664 2762.35
0.3668 2802.5
0.3672 2842.74
0.3676 2883.06
0.368 2923.48
0.3684 2963.97
0.3688 3004.55
0.3692 3045.23
0.3696 3085.99
0.37 3126.84
0.3704 3144.91
0.3708 3163.01
0.3712 3181.15
0.3716 3199.34
0.372 3217.56
0.3724 3235.81
0.3728 3254.11
0.3732 3272.45
0.3736 3290.82
0.374 3309.23
0.3744 3301.12
0.3748 3292.99
0.3752 3284.85
0.3756 3276.69
0.376 3268.5
0.3764 3260.31
0.3768 3252.09
0.3772 3243.85
0.3776 3235.6
0.378 3227.32
0.3784 3243.88
0.3788 3260.48
0.3792 3277.1
0.3796 3293.76
0.38 3310.46
0.3804 3327.19
0.3808 3343.96
0.3812 3360.76
0.3816 3377.59
0.382 3394.46
0.3824 3426.44
0.3828 3458.47
0.3832 3490.57
0.3836 3522.75
0.384 3554.98
0.3844 3587.28
0.3848 3619.65
0.3852 3652.08
0.3856 3684.58
0.386 3717.15
0.3864 3728.46
0.3868 3739.8
0.3872 3751.16
0.3876 3762.53
0.388 3773.94
0.3884 3785.36
0.3888 3796.8
0.3892 3808.27
0.3896 3819.76
0.39 3831.27
0.3904 3826.4
0.3908 3821.51
0.3912 3816.61
0.3916 3811.7
0.392 3806.78
0.3924 3801.84
0.3928 3796.89
0.3932 3791.94
0.3936 3786.97
0.394 3781.99
0.3944 3813.78
0.3948 3845.63
0.3952 3877.55
0.3956 3909.53
0.396 3941.57
0.3964 3973.67
0.3968 4005.85
0.3972 4038.07
0.3976 4070.37
0.398 4102.73
0.3984 4163.41
0.3988 4224.21
0.3992 4285.13
0.3996 4346.17
0.4 4407.33
0.4004 4468.61
0.4008 4530.01
0.4012 4591.53
0.4016 4653.17
0.402 4714.93
0.4024 4722.37
0.4028 4729.82
0.4032 4737.27
0.4036 4744.75
0.404 4752.23
0.4044 4759.73
0.4048 4767.23
0.4052 4774.76
0.4056 4782.28
0.406 4789.83
0.4064 4771.76
0.4068 4753.65
0.4072 4735.5
0.4076 4717.32
0.408 4699.09
0.4084 4680.83
0.4088 4662.53
0.4092 4644.18
0.4096 4625.81
0.41 4607.39
0.4104 4625.05
0.4108 4642.74
0.4112 4660.47
0.4116 4678.22
0.412 4696.01
0.4124 4713.83
0.4128 4731.68
0.4132 4749.57
0.4136 4767.49
0.414 4785.43
0.4144 4809.94
0.4148 4834.5
0.4152 4859.09
0.4156 4883.74
0.416 4908.43
0.4164 4933.16
0.4168 4957.94
0.4172 4982.76
0.4176 5007.62
0.418 5032.53
0.4184 5043.2
0.4188 5053.87
0.4192 5064.58
0.4196 5075.29
0.42 5086.02
0.4204 5096.77
0.4208 5107.54
0.4212 5118.32
0.4216 5129.12
0.422 5139.94
0.4224 5134.67
0.4228 5129.41
0.4232 5124.12
0.4236 5118.82
0.424 5113.52
0.4244 5108.19
0.4248 5102.85
0.4252 5097.5
0.4256 5092.13
0.426 5086.75
0.4264 5075.2
0.4268 5063.62
0.4272 5052.01
0.4276 5040.38
0.428 5028.73
0.4284 5017.04
0.4288 5005.34
0.4292 4993.61
0.4296 4981.85
0.43 4970.07
0.4304 4975.79
0.4308 4981.51
0.4312 4987.25
0.4316 4992.99
0.432 4998.73
0.4324 5004.49
0.4328 5010.25
0.4332 5016.02
0.4336 5021.8
0.434 5027.58
0.4344 5053.34
0.4348 5079.15
0.4352 5105
0.4356 5130.89
0.436 5156.83
0.4364 5182.81
0.4368 5208.83
0.4372 5234.9
0.4376 5261.01
0.438 5287.16
0.4384 5315.1
0.4388 5343.07
0.4392 5371.09
0.4396 5399.16
0.44 5427.27
0.4404 5455.43
0.4408 5483.64
0.4412 5511.9
0.4416 5540.2
0.442 5568.55
0.4424 5591.13
0.4428 5613.75
0.4432 5636.41
0.4436 5659.1
0.444 5681.83
0.4444 5704.6
0.4448 5727.4
0.4452 5750.24
0.4456 5773.11
0.446 5796.02
0.4464 5814.27
0.4468 5832.56
0.4472 5850.87
0.4476 5869.2
0.448 5887.57
0.4484 5905.96
0.4488 5924.38
0.4492 5942.83
0.4496 5961.31
0.45 5979.81
0.4504 5985.91
0.4508 5992.02
0.4512 5998.14
0.4516 6004.26
0.452 6010.39
0.4524 6016.52
0.4528 6022.66
0.4532 6028.8
0.4536 6034.95
0.454 6041.11
0.4544 6041.29
0.4548 6041.48
0.4552 6041.66
0.4556 6041.83
0.456 6042
0.4564 6042.16
0.4568 6042.31
0.4572 6042.46
0.4576 6042.61
0.458 6042.75
0.4584 6054.33
0.4588 6065.92
0.4592 6077.52
0.4596 6089.14
0.46 6100.77
0.4604 6112.41
0.4608 6124.07
0.4612 6135.75
0.4616 6147.44
0.462 6159.14
0.4624 6162.96
0.4628 6166.78
0.4632 6170.6
0.4636 6174.43
0.464 6178.25
0.4644 6182.07
0.4648 6185.89
0.4652 6189.72
0.4656 6193.54
0.466 6197.36
0.4664 6195.67
0.4668 6193.97
0.4672 6192.26
0.4676 6190.55
0.468 6188.82
0.4684 6187.08
0.4688 6185.33
0.4692 6183.58
0.4696 6181.81
0.47 6180.04
0.4704 6198.64
0.4708 6217.27
0.4712 6235.93
0.4716 6254.61
0.472 6273.31
0.4724 6292.04
0.4728 6310.8
0.4732 6329.58
0.4736 6348.38
0.474 6367.21
0.4744 6369.87
0.4748 6372.52
0.4752 6375.16
0.4756 6377.81
0.476 6380.45
0.4764 6383.09
0.4768 6385.73
0.4772 6388.36
0.4776 6390.99
0.478 6393.62
0.4784 6386.82
0.4788 6380
0.4792 6373.16
0.4796 6366.3
0.48 6359.43
0.4804 6352.53
0.4808 6345.62
0.4812 6338.69
0.4816 6331.73
0.482 6324.76
0.4824 6329.18
0.4828 6333.6
0.4832 6338.01
0.4836 6342.43
0.484 6346.84
0.4844 6351.26
0.4848 6355.67
0.4852 6360.09
0.4856 6364.5
0.486 6368.92
0.4864 6367.58
0.4868 6366.23
0.4872 6364.88
0.4876 6363.51
0.488 6362.13
0.4884 6360.75
0.4888 6359.35
0.4892 6357.94
0.4896 6356.53
0.49 6355.1
0.4904 6361.39
0.4908 6367.68
0.4912 6373.98
0.4916 6380.28
0.492 6386.58
0.4924 6392.89
0.4928 6399.19
0.4932 6405.5
0.4936 6411.81
0.494 6418.12
0.4944 6436.77
0.4948 6455.45
0.4952 6474.14
0.4956 6492.86
0.496 6511.6
0.4964 6530.36
0.4968 6549.15
0.4972 6567.95
0.4976 6586.78
0.498 6605.63
0.4984 6608.13
0.4988 6610.63
0.4992 6613.12
0.4996 6615.61
0.5 6618.09
0.5004 6620.57
0.5008 6623.04
0.5012 6625.51
0.5016 6627.98
0.502 6630.44
0.5024 6614.41
0.5028 6598.35
0.5032 6582.26
0.5036 6566.13
0.504 6549.97
0.5044 6533.77
0.5048 6517.54
0.5052 6501.27
0.5056 6484.96
0.506 6468.63
0.5064 6477.53
0.5068 6486.44
0.5072 6495.36
0.5076 6504.27
0.508 6513.2
0.5084 6522.13
0.5088 6531.06
0.5092 6540
0.5096 6548.94
0.51 6557.89
0.5104 6556.78
0.5108 6555.67
0.5112 6554.54
0.5116 6553.4
0.512 6552.25
0.5124 6551.09
0.5128 6549.92
0.5132 6548.73
0.5136 6547.54
0.514 6546.33
0.5144 6542.41
0.5148 6538.47
0.5152 6534.51
0.5156 6530.55
0.516 6526.56
0.5164 6522.56
0.5168 6518.54
0.5172 6514.5
0.5176 6510.45
0.518 6506.39
0.5184 6520.69
0.5188 6535.01
0.5192 6549.33
0.5196 6563.67
0.52 6578.02
0.5204 6592.39
0.5208 6606.76
0.5212 6621.15
0.5216 6635.55
0.522 6649.95
0.5224 6651.34
0.5228 6652.71
0.5232 6654.08
0.5236 6655.44
0.524 6656.79
0.5244 6658.13
0.5248 6659.46
0.5252 6660.79
0.5256 6662.1
0.526 6663.41
0.5264 6659.87
0.5268 6656.31
0.5272 6652.74
0.5276 6649.15
0.528 6645.54
0.5284 6641.92
0.5288 6638.28
0.5292 6634.62
0.5296 6630.95
0.53 6627.26
0.5304 6620.77
0.5308 6614.25
0.5312 6607.72
0.5316 6601.16
0.532 6594.59
0.5324 6587.99
0.5328 6581.38
0.5332 6574.74
0.5336 6568.08
0.534 6561.4
0.5344 6570.84
0.5348 6580.29
0.5352 6589.74
0.5356 6599.19
0.536 6608.65
0.5364 6618.1
0.5368 6627.56
0.5372 6637.03
0.5376 6646.49
0.538 6655.96
0.5384 6698.67
0.5388 6741.43
0.5392 6784.25
0.5396 6827.11
0.54 6870.03
0.5404 6913
0.5408 6956.02
0.5412 6999.09
0.5416 7042.22
0.542 7085.39
0.5424 7106.53
0.5428 7127.69
0.5432 7148.87
0.5436 7170.06
0.544 7191.28
0.5444 7212.52
0.5448 7233.77
0.5452 7255.04
0.5456 7276.33
0.546 7297.64
0.5464 7293.13
0.5468 7288.6
0.5472 7284.05
0.5476 7279.48
0.548 7274.89
0.5484 7270.28
0.5488 7265.66
0.5492 7261.01
0.5496 7256.34
0.55 7251.66
0.5504 7270.08
0.5508 7288.52
0.5512 7306.98
0.5516 7325.45
0.552 7343.93
0.5524 7362.43
0.5528 7380.94
0.5532 7399.47
0.5536 7418.01
0.554 7436.56
0.5544 7439.83
0.5548 7443.09
0.5552 7446.35
0.5556 7449.59
0.556 7452.83
0.5564 7456.06
0.5568 7459.27
0.5572 7462.49
0.5576 7465.69
0.558 7468.88
0.5584 7467.66
0.5588 7466.43
0.5592 7465.18
0.5596 7463.92
0.56 7462.63
0.5604 7461.34
0.5608 7460.03
0.5612 7458.7
0.5616 7457.36
0.562 7456
0.5624 7456.1
0.5628 7456.19
0.5632 7456.27
0.5636 7456.33
0.564 7456.38
0.5644 7456.41
0.5648 7456.43
0.5652 7456.44
0.5656 7456.43
0.566 7456.41
0.5664 7455.62
0.5668 7454.84
0.5672 7454.02
0.5676 7453.19
0.568 7452.36
0.5684 7451.49
0.5688 7450.62
0.5692 7449.74
0.5696 7448.83
0.57 7447.91
0.5704 7448.48
0.5708 7449.03
0.5712 7449.56
0.5716 7450.09
0.572 7450.6
0.5724 7451.09
0.5728 7451.58
0.5732 7452.04
0.5736 7452.5
0.574 7452.95
0.5744 7453.37
0.5748 7453.78
0.5752 7454.19
0.5756 7454.56
0.576 7454.94
0.5764 7455.3
0.5768 7455.64
0.5772 7455.96
0.5776 7456.28
0.578 7456.58
0.5784 7457.63
0.5788 7458.66
0.5792 7459.68
0.5796 7460.68
0.58 7461.68
0.5804 7462.65
0.5808 7463.62
0.5812 7464.58
0.5816 7465.51
0.582 7466.43
0.5824 7468.12
0.5828 7469.77
0.5832 7471.42
0.5836 7473.07
0.584 7474.69
0.5844 7476.3
0.5848 7477.91
0.5852 7479.49
0.5856 7481.06
0.586 7482.63
0.5864 7484.17
0.5868 7485.71
0.5872 7487.24
0.5876 7488.74
0.588 7490.24
0.5884 7491.72
0.5888 7493.19
0.5892 7494.65
0.5896 7496.09
0.59 7497.52
0.5904 7499.71
0.5908 7501.9
0.5912 7504.06
0.5916 7506.22
0.592 7508.36
0.5924 7510.49
0.5928 7512.61
0.5932 7514.72
0.5936 7516.81
0.594 7518.89
0.5944 7522.52
0.5948 7526.14
0.5952 7529.75
0.5956 7533.35
0.596 7536.93
0.5964 7540.51
0.5968 7544.08
0.5972 7547.63
0.5976 7551.17
0.598 7554.71
0.5984 7558.23
0.5988 7561.74
0.5992 7565.25
0.5996 7568.73
0.6 7572.21
0.6004 7575.68
0.6008 7579.13
0.6012 7582.59
0.6016 7586.02
0.602 7589.44
0.6024 7593.65
0.6028 7597.84
0.6032 7602.02
0.6036 7606.2
0.604 7610.36
0.6044 7614.51
0.6048 7618.66
0.6052 7622.79
0.6056 7626.91
0.606 7631.02
0.6064 7635.12
0.6068 7639.21
0.6072 7643.3
0.6076 7647.36
0.608 7651.42
0.6084 7655.47
0.6088 7659.51
0.6092 7663.53
0.6096 7667.56
0.61 7671.56
0.6104 7675.55
0.6108 7679.54
0.6112 7683.51
0.6116 7687.47
0.612 7691.43
0.6124 7695.37
0.6128 7699.3
0.6132 7703.22
0.6136 7707.13
0.614 7711.02
0.6144 7714.92
0.6148 7718.79
0.6152 7722.65
0.6156 7726.51
0.616 7730.35
0.6164 7734.18
0.6168 7738
0.6172 7741.81
0.6176 7745.61
0.618 7749.4
0.6184 7753.17
0.6188 7756.93
0.6192 7760.69
0.6196 7764.43
0.62 7768.15
0.6204 7771.88
0.6208 7775.58
0.6212 7779.28
0.6216 7782.97
0.622 7786.64
0.6224 7790.3
0.6228 7793.95
0.6232 7797.59
0.6236 7801.21
0.624 7804.84
0.6244 7808.43
0.6248 7812.02
0.6252 7815.61
0.6256 7819.17
0.626 7822.73
0.6264 7825.46
0.6268 7828.17
0.6272 7830.86
0.6276 7833.55
0.628 7836.22
0.6284 7838.87
0.6288 7841.53
0.6292 7844.15
0.6296 7846.77
0.63 7849.39
0.6304 7853.63
0.6308 7857.87
0.6312 7862.1
0.6316 7866.31
0.632 7870.52
0.6324 7874.72
0.6328 7878.9
0.6332 7883.07
0.6336 7887.24
0.634 7891.39
0.6344 7894.69
0.6348 7897.99
0.6352 7901.27
0.6356 7904.54
0.636 7907.81
0.6364 7911.04
0.6368 7914.28
0.6372 7917.51
0.6376 7920.71
0.638 7923.9
0.6384 7927.1
0.6388 7930.26
0.6392 7933.42
0.6396 7936.58
0.64 7939.71
0.6404 7942.83
0.6408 7945.95
0.6412 7949.04
0.6416 7952.12
0.642 7955.21
0.6424 7958.26
0.6428 7961.31
0.6432 7964.35
0.6436 7967.36
0.644 7970.38
0.6444 7973.38
0.6448 7976.36
0.6452 7979.33
0.6456 7982.3
0.646 7985.24
0.6464 7987.33
0.6468 7989.41
0.6472 7991.46
0.6476 7993.51
0.648 7995.55
0.6484 7997.56
0.6488 7999.56
0.6492 8001.56
0.6496 8003.53
0.65 8005.5
0.6504 8009.16
0.6508 8012.8
0.6512 8016.44
0.6516 8020.07
0.652 8023.67
0.6524 8027.27
0.6528 8030.87
0.6532 8034.44
0.6536 8038
0.654 8041.56
0.6544 8044.23
0.6548 8046.91
0.6552 8049.57
0.6556 8052.2
0.656 8054.84
0.6564 8057.46
0.6568 8060.06
0.6572 8062.65
0.6576 8065.24
0.658 8067.8
0.6584 8070.35
0.6588 8072.9
0.6592 8075.42
0.6596 8077.94
0.66 8080.44
0.6604 8082.92
0.6608 8085.4
0.6612 8087.87
0.6616 8090.32
0.662 8092.76
0.6624 8095.19
0.6628 8097.59
0.6632 8099.99
0.6636 8102.38
0.664 8104.75
0.6644 8107.11
0.6648 8109.46
0.6652 8111.79
0.6656 8114.11
0.666 8116.43
0.6664 8118.72
0.6668 8121
0.6672 8123.27
0.6676 8125.52
0.668 8127.77
0.6684 8130
0.6688 8132.22
0.6692 8134.43
0.6696 8136.62
0.67 8138.79
0.6704 8140.96
0.6708 8143.12
0.6712 8145.25
0.6716 8147.38
0.672 8149.5
0.6724 8151.59
0.6728 8153.69
0.6732 8155.76
0.6736 8157.82
0.674 8159.87
0.6744 8161.91
0.6748 8163.93
0.6752 8165.95
0.6756 8167.94
0.676 8169.92
0.6764 8171.9
0.6768 8173.86
0.6772 8175.8
0.6776 8177.74
0.678 8179.66
0.6784 8182.45
0.6788 8185.24
0.6792 8188.01
0.6796 8190.77
0.68 8193.53
0.6804 8196.27
0.6808 8198.99
0.6812 8201.71
0.6816 8204.41
0.682 8207.1
0.6824 8208.89
0.6828 8210.66
0.6832 8212.41
0.6836 8214.16
0.684 8215.89
0.6844 8217.61
0.6848 8219.32
0.6852 8221.01
0.6856 8222.69
0.686 8224.36
0.6864 8226.02
0.6868 8227.65
0.6872 8229.29
0.6876 8230.9
0.688 8232.51
0.6884 8234.1
0.6888 8235.68
0.6892 8237.24
0.6896 8238.8
0.69 8240.34
0.6904 8241.86
0.6908 8243.38
0.6912 8244.88
0.6916 8246.37
0.692 8247.85
0.6924 8249.31
0.6928 8250.76
0.6932 8252.21
0.6936 8253.63
0.694 8255.04
0.6944 8256.45
0.6948 8257.83
0.6952 8259.2
0.6956 8260.57
0.696 8261.92
0.6964 8263.26
0.6968 8264.59
0.6972 8265.9
0.6976 8267.2
0.698 8268.49
0.6984 8270.68
0.6988 8272.86
0.6992 8275.04
0.6996 8277.19
0.7 8279.34
0.7004 8281.48
0.7008 8283.6
0.7012 8285.71
0.7016 8287.82
0.702 8289.9
0.7024 8291.06
0.7028 8292.21
0.7032 8293.34
0.7036 8294.46
0.704 8295.57
0.7044 8296.66
0.7048 8297.74
0.7052 8298.82
0.7056 8299.88
0.706 8300.92
0.7064 8301.96
0.7068 8302.98
0.7072 8303.99
0.7076 8305
0.708 8305.97
0.7084 8306.95
0.7088 8307.92
0.7092 8308.86
0.7096 8309.8
0.71 8310.73
0.7104 8313.51
0.7108 8316.28
0.7112 8319.05
0.7116 8321.79
0.712 8324.53
0.7124 8327.27
0.7128 8329.98
0.7132 8332.7
0.7136 8335.41
0.714 8338.09
0.7144 8338.9
0.7148 8339.7
0.7152 8340.47
0.7156 8341.25
0.716 8342.01
0.7164 8342.75
0.7168 8343.49
0.7172 8344.22
0.7176 8344.93
0.718 8345.63
0.7184 8347.27
0.7188 8348.88
0.7192 8350.5
0.7196 8352.1
0.72 8353.69
0.7204 8355.27
0.7208 8356.85
0.7212 8358.4
0.7216 8359.95
0.722 8361.5
0.7224 8362.07
0.7228 8362.65
0.7232 8363.21
0.7236 8363.75
0.724 8364.29
0.7244 8364.82
0.7248 8365.33
0.7252 8365.83
0.7256 8366.33
0.726 8366.8
0.7264 8367.27
0.7268 8367.73
0.7272 8368.18
0.7276 8368.62
0.728 8369.04
0.7284 8369.45
0.7288 8369.86
0.7292 8370.26
0.7296 8370.63
0.73 8371.01
0.7304 8373.29
0.7308 8375.56
0.7312 8377.82
0.7316 8380.08
0.732 8382.32
0.7324 8384.56
0.7328 8386.79
0.7332 8389.01
0.7336 8391.22
0.734 8393.43
0.7344 8393.69
0.7348 8393.94
0.7352 8394.19
0.7356 8394.42
0.736 8394.65
0.7364 8394.86
0.7368 8395.06
0.7372 8395.26
0.7376 8395.44
0.738 8395.61
0.7384 8396.75
0.7388 8397.87
0.7392 8398.99
0.7396 8400.09
0.74 8401.19
0.7404 8402.28
0.7408 8403.36
0.7412 8404.43
0.7416 8405.49
0.742 8406.54
0.7424 8406.61
0.7428 8406.67
0.7432 8406.72
0.7436 8406.76
0.744 8406.79
0.7444 8406.81
0.7448 8406.82
0.7452 8406.82
0.7456 8406.81
0.746 8406.79
0.7464 8406.77
0.7468 8406.73
0.7472 8406.68
0.7476 8406.63
0.748 8406.56
0.7484 8406.49
0.7488 8406.4
0.7492 8406.31
0.7496 8406.21
0.75 8406.1
0.7504 8407.95
0.7508 8409.8
0.7512 8411.63
0.7516 8413.47
0.752 8415.29
0.7524 8417.1
0.7528 8418.92
0.7532 8420.72
0.7536 8422.51
0.754 8424.31
0.7544 8424.11
0.7548 8423.9
0.7552 8423.69
0.7556 8423.46
0.756 8423.23
0.7564 8422.99
0.7568 8422.74
0.7572 8422.48
0.7576 8422.21
0.758 8421.94
0.7584 8422.65
0.7588 8423.36
0.7592 8424.05
0.7596 8424.74
0.76 8425.43
0.7604 8426.11
0.7608 8426.77
0.7612 8427.44
0.7616 8428.09
0.762 8428.74
0.7624 8428.39
0.7628 8428.02
0.7632 8427.64
0.7636 8427.26
0.764 8426.87
0.7644 8426.47
0.7648 8426.07
0.7652 8425.65
0.7656 8425.23
0.766 8424.8
0.7664 8424.37
0.7668 8423.92
0.7672 8423.47
0.7676 8423.01
0.768 8422.55
0.7684 8422.07
0.7688 8421.59
0.7692 8421.11
0.7696 8420.61
0.77 8420.11
0.7704 8421.62
0.7708 8423.13
0.7712 8424.64
0.7716 8426.14
0.772 8427.63
0.7724 8429.12
0.7728 8430.61
0.7732 8432.09
0.7736 8433.57
0.774 8435.04
0.7744 8434.47
0.7748 8433.9
0.7752 8433.32
0.7756 8432.73
0.776 8432.14
0.7764 8431.54
0.7768 8430.94
0.7772 8430.32
0.7776 8429.7
0.778 8429.08
0.7784 8429.47
0.7788 8429.86
0.7792 8430.24
0.7796 8430.61
0.78 8430.99
0.7804 8431.35
0.7808 8431.71
0.7812 8432.07
0.7816 8432.42
0.782 8432.77
0.7824 8432.08
0.7828 8431.39
0.7832 8430.7
0.7836 8430
0.784 8429.29
0.7844 8428.57
0.7848 8427.85
0.7852 8427.13
0.7856 8426.4
0.786 8425.67
0.7864 8425.96
0.7868 8426.25
0.7872 8426.53
0.7876 8426.81
0.788 8427.09
0.7884 8427.36
0.7888 8427.63
0.7892 8427.9
0.7896 8428.16
0.79 8428.41
0.7904 8428.67
0.7908 8428.92
0.7912 8429.16
0.7916 8429.41
0.792 8429.64
0.7924 8429.88
0.7928 8430.11
0.7932 8430.34
0.7936 8430.56
0.794 8430.79
0.7946 8429.55
0.7952 8428.3
0.7958 8427.04
0.7964 8425.77
0.797 8424.5
0.7976 8423.21
0.7982 8421.92
0.7988 8420.62
0.7994 8419.3
0.8 8417.99
0.801 8417.87
0.802 8417.74
0.803 8417.6
0.804 8417.44
0.805 8417.27
0.806 8417.09
0.807 8416.89
0.808 8416.68
0.809 8416.45
0.81 8416.23
0.811 8415.99
0.812 8415.74
0.813 8415.48
0.814 8415.22
0.815 8414.95
0.816 8414.68
0.817 8414.4
0.818 8414.12
0.819 8413.83
0.82 8413.54
0.821 8414.33
0.822 8415.12
0.823 8415.92
0.824 8416.72
0.825 8417.52
0.826 8418.33
0.827 8419.14
0.828 8419.97
0.829 8420.8
0.83 8421.64
0.831 8421.4
0.832 8421.16
0.833 8420.93
0.834 8420.71
0.835 8420.51
0.836 8420.31
0.837 8420.12
0.838 8419.95
0.839 8419.79
0.84 8419.64
0.841 8419.51
0.842 8419.4
0.843 8419.3
0.844 8419.22
0.845 8419.15
0.846 8419.11
0.847 8419.09
0.848 8419.08
0.849 8419.1
0.85 8419.14
0.851 8420.32
0.852 8421.52
0.853 8422.76
0.854 8424.02
0.855 8425.31
0.856 8426.63
0.857 8427.98
0.858 8429.35
0.859 8430.77
0.86 8432.22
0.861 8432.57
0.862 8432.94
0.863 8433.35
0.864 8433.79
0.865 8434.27
0.866 8434.79
0.867 8435.34
0.868 8435.92
0.869 8436.54
0.87 8437.19
0.871 8439.03
0.872 8440.92
0.873 8442.84
0.874 8444.81
0.875 8446.82
0.876 8448.87
0.877 8450.97
0.878 8453.12
0.879 8455.32
0.88 8457.57
0.881 8459.85
0.882 8462.19
0.883 8464.57
0.884 8467.02
0.885 8469.51
0.886 8472.05
0.887 8474.64
0.888 8477.29
0.889 8479.98
0.89 8482.74
0.891 8484.39
0.892 8486.08
0.893 8487.83
0.894 8489.62
0.895 8491.47
0.896 8493.39
0.897 8495.36
0.898 8497.39
0.899 8499.47
0.9 8501.61
0.901 8503.81
0.902 8506.07
0.903 8508.4
0.904 8510.78
0.905 8513.22
0.906 8515.72
0.907 8518.29
0.908 8520.92
0.909 8523.62
0.91 8526.38
0.911 8531.6
0.912 8536.88
0.913 8542.24
0.914 8547.66
0.915 8553.18
0.916 8558.76
0.917 8564.41
0.918 8570.13
0.919 8575.92
0.92 8581.79
0.921 8586.54
0.922 8591.36
0.923 8596.25
0.924 8601.21
0.925 8606.24
0.926 8611.34
0.927 8616.54
0.928 8621.81
0.929 8627.15
0.93 8632.57
0.931 8638.07
0.932 8643.63
0.933 8649.29
0.934 8655.03
0.935 8660.85
0.936 8666.74
0.937 8672.71
0.938 8678.76
0.939 8684.9
0.94 8691.12
0.941 8697.42
0.942 8703.81
0.943 8710.27
0.944 8716.81
0.945 8723.44
0.946 8730.16
0.947 8736.97
0.948 8743.85
0.949 8750.82
0.95 8757.87
0.951 8765.01
0.952 8772.24
0.953 8779.56
0.954 8786.96
0.955 8794.44
0.956 8802.01
0.957 8809.66
0.958 8817.42
0.959 8825.26
0.96 8833.18
0.961 8842.45
0.962 8851.81
0.963 8861.26
0.964 8870.82
0.965 8880.46
0.966 8890.2
0.967 8900.02
0.968 8909.94
0.969 8919.94
0.97 8930.05
0.971 8938.97
0.972 8947.99
0.973 8957.09
0.974 8966.28
0.975 8975.55
0.976 8984.93
0.977 8994.4
0.978 9003.96
0.979 9013.61
0.98 9023.35
0.981 9033.18
0.982 9043.1
0.983 9053.12
0.984 9063.23
0.985 9073.43
0.986 9083.72
0.987 9094.1
0.988 9104.57
0.989 9115.15
0.99 9125.81
0.991 9137.87
0.992 9150.01
0.993 9162.25
0.994 9174.58
0.995 9187.03
0.996 9199.56
0.997 9212.18
0.998 9224.9
0.999 9237.71
1 9250.61
1.002 9457.74
1.004 9274.7
1.006 9330
1.008 9547.32
1.01 9597.94
1.012 9468.83
1.014 9393.64
1.016 9425.95
1.018 9453.59
1.02 9471.51
1.022 9569.62
1.024 9541.74
1.026 9564.75
1.028 9592.16
1.03 9575.08
1.032 9547.96
1.034 9560.86
1.036 9695.97
1.038 9615.2
1.04 9799.74
1.042 9882.14
1.044 9885.55
1.046 9769.17
1.048 9756.2
1.05 9745.46
1.052 9657.88
1.054 9602.47
1.056 9668.19
1.058 9614.01
1.06 9707.63
1.08 9666.85
1.1 9586.71
1.12 9502.11
1.14 9435.61
1.16 9402.1
1.18 9410.49
1.2 9458.62
1.22 9545.81
1.24 9668.21
1.26 9813.76
1.28 9960.43
1.3 10073.1
1.32 10077.9
1.34 9891.09
1.36 9802.39
1.38 9646.64
1.4 9428.73
1.42 9214.09
1.44 9034.52
1.46 8826.25
1.48 8663.09
1.5 8507.56
1.52 8320.28
1.54 8099.31
1.56 7823.78
1.58 7583.77
1.6 7422.52
1.62 7284.94
1.64 7084.17
1.66 6836.02
1.68 6655.31
1.7 6534.62
1.72 6336.8
1.74 6210.93
1.76 6050.44
1.78 5950.25
1.8 5901.65
1.82 5885.72
1.84 5887.66
1.86 5890.07
1.88 5975.62
1.9 6056.52
1.92 6030.97
1.94 5967.24
1.96 5868.7
1.98 5737.12
2 5614.28
2.02 5477.98
2.04 5313.44
2.06 5105.13
2.08 4896
2.1 4683.84
2.12 4470.71
2.14 4236.96
2.16 4050.47
2.18 3895.26
2.2 3771.27
2.22 3668.16
2.24 3600.12
2.26 3580.24
2.28 3465.47
2.3 3314.79
2.32 3198.04
2.34 3087.33
2.36 2948.66
2.38 2819.79
2.4 2668.21
2.42 2518.55
2.44 2367.04
2.46 2268.95
2.48 2264.17
2.5 2329.41
2.52 2448.27
2.54 2430.34
2.56 1921.59
