0.1005 454.137
0.1015 439.36
0.1025 199.86
0.1035 299.58
0.1045 596.256
0.1055 602.337
0.1065 473.783
0.1075 573.521
0.1085 442.199
0.1095 608.521
0.1105 602.13
0.1115 577.505
0.1125 538.038
0.1135 691.439
0.1145 626.513
0.1155 684.683
0.1165 718.85
0.1175 523.417
0.1185 698.946
0.1195 426.827
0.1205 312.275
0.1215 215.83
0.1225 448.896
0.1235 751.185
0.1245 855.494
0.1255 812.41
0.1265 656.85
0.1275 934.133
0.1285 1003.45
0.1295 769.06
0.1305 739.335
0.1315 978.28
0.1325 946.204
0.1335 805.188
0.1345 1024.73
0.1355 990.17
0.1365 867.721
0.1375 941.392
0.1385 959.758
0.1395 875.356
0.1405 904.002
0.1415 888.746
0.1425 934.14
0.1435 913.415
0.1442 980.238
0.1447 1010.63
0.1455 978.01
0.1465 896.129
0.1475 889.803
0.1485 921.42
0.1495 951.252
0.1505 903.787
0.1512 795.707
0.1517 867.914
0.1525 820.485
0.1535 710.958
0.1545 823.904
0.1555 768.632
0.1565 766.321
0.1575 817.442
0.1585 872.541
0.1595 897.566
0.1605 874.398
0.1615 883.875
0.1625 824.471
0.1635 883.359
0.1645 901.858
0.1655 815.505
0.1665 909.46
0.1672 782.956
0.1677 906.249
0.1685 969.438
0.1695 905.101
0.1705 861.211
0.1715 811.241
0.1725 807.567
0.1735 867.5
0.1745 847.412
0.1755 919.832
0.1765 819.793
0.1775 856.707
0.1785 870.445
0.1795 943.143
0.1805 930.167
0.1815 857.682
0.1825 871.516
0.1835 831.374
0.1845 759.179
0.1855 759.105
0.1865 786.243
0.1875 862.417
0.1885 794.002
0.1895 766.241
0.1905 804.916
0.1915 778.652
0.1925 769.222
0.1935 783.565
0.1945 821.586
0.1955 773.543
0.1967 852.85
0.1976 874.36
0.1984 826.04
0.1995 799.089
0.2005 821.202
0.2015 785.314
0.2025 827.227
0.2035 787.065
0.2045 825.436
0.2055 787.229
0.2065 787.133
0.2074 846.752
0.2078 819.744
0.2085 851.243
0.2095 803.049
0.2105 800.881
0.2115 811.219
0.2125 822.883
0.2135 750.395
0.2145 788.573
0.2155 818.37
0.2165 784.607
0.2175 776.86
0.2185 770.564
0.2195 811.129
0.2205 783.381
0.2215 734.299
0.2225 713.026
0.2235 783.951
0.2245 741.842
0.2255 703.614
0.2265 723.153
0.2275 752.838
0.2285 787.368
0.2295 742.82
0.2305 744.416
0.2315 704.184
0.2325 537.877
0.2335 646.73
0.2345 618.013
0.2355 695.083
0.2365 619.349
0.2375 651.037
0.2385 590.867
0.2395 645.989
0.2405 618.111
0.2415 641.627
0.2425 703.643
0.2435 677.32
0.2445 732.104
0.2455 723.432
0.2465 715.543
0.2475 684.036
0.2485 696.839
0.2495 672.961
0.2505 762.274
0.2513 653.33
0.2518 667.794
0.2525 636.353
0.2535 660.555
0.2545 651.976
0.2555 733.773
0.2565 699.463
0.2575 760.016
0.2585 745.46
0.2595 731.076
0.2605 698.296
0.2615 686.683
0.2625 738.281
0.2635 803.709
0.2645 907.645
0.2655 981.115
0.2665 829.961
0.2675 887.113
0.2685 907.339
0.2695 829.699
0.2705 885.809
0.2715 804.243
0.2725 781.95
0.2735 848.186
0.2745 695.709
0.2755 733.924
0.2765 789.485
0.2775 833.882
0.2785 749.527
0.2795 569.227
0.2805 622.592
0.2815 822.827
0.2825 912.354
0.2835 873.472
0.2845 810.976
0.2855 745.977
0.2865 902.461
0.2875 960.615
0.2885 940.986
0.2895 982.43
0.291 1143.46
0.293 1070.55
0.295 1039.65
0.297 1070.7
0.299 1082.17
0.301 1099.78
0.303 1124.01
0.305 1140.49
0.307 1182.26
0.309 1184.81
0.311 1247.55
0.313 1209.82
0.315 1220.18
0.317 1267.85
0.319 1169.34
0.321 1246.47
0.323 1145.62
0.325 1350.05
0.327 1473.76
0.329 1462.05
0.331 1425.71
0.333 1444.61
0.335 1418.26
0.337 1239.72
0.339 1315.96
0.341 1339.53
0.343 1371.02
0.345 1413.45
0.347 1438.14
0.349 1536.41
0.351 1606.11
0.353 1511.66
0.355 1657.31
0.357 1339.17
0.359 1349.24
0.361 1532.62
0.363 1590.71
0.364 1630.99
0.365 1785.97
0.367 1842.41
0.369 1681.02
0.371 1806.95
0.373 1466.11
0.375 1722.16
0.377 2008.64
0.379 2201.22
0.381 2280.3
0.383 1617.83
0.385 2157.39
0.387 2274.36
0.389 2006.01
0.391 2706.71
0.393 1844.99
0.395 2459.83
0.397 1615.17
0.399 3098.7
0.401 3409.65
0.403 3396.48
0.405 3325.75
0.407 3177.27
0.409 3398.93
0.411 3047.82
0.413 3389.48
0.415 3428.58
0.417 3460.96
0.419 3430.76
0.421 3469.15
0.423 3346.41
0.425 3502.11
0.427 3343.55
0.429 3230.24
0.431 2911.91
0.433 3462.56
0.435 3331.25
0.437 3940.57
0.439 3645.12
0.441 3803.21
0.443 3995.74
0.445 4049.2
0.447 4254.35
0.449 4333.68
0.451 4835.8
0.453 4331.93
0.455 4488.91
0.457 4813.26
0.459 4595.97
0.461 4714.05
0.463 4610.18
0.465 4688.08
0.467 4869.18
0.469 4796.42
0.471 4652.92
0.473 4837.89
0.475 4979.71
0.477 4936.62
0.479 4956.17
0.481 4944.82
0.483 5079.08
0.485 4670.78
0.487 4199.33
0.489 4924.82
0.491 4974.12
0.493 4891.93
0.495 5112.9
0.497 5041.42
0.499 4731.49
0.501 4495.67
0.503 4773.6
0.505 4758.98
0.507 4971.8
0.509 4731.96
0.511 4856.81
0.513 4702.7
0.515 4548.48
0.517 4247.31
0.519 4389.55
0.521 4720.94
0.523 5051.03
0.525 5273.68
0.527 4699.55
0.529 5360.99
0.531 5677.19
0.533 5041.84
0.535 5514.67
0.537 5496.95
0.539 5389.37
0.541 5320
0.543 5416.47
0.545 5581.45
0.547 5475.85
0.549 5525.85
0.551 5473.99
0.553 5673.89
0.555 5766.95
0.557 5664.63
0.559 5544.17
0.561 5754.63
0.563 5726.33
0.565 5822.55
0.567 5694.89
0.569 5891.48
0.571 5713.37
0.573 6201.81
0.575 5978.85
0.577 6058.62
0.579 5837.42
0.581 6094.46
0.583 6286.49
0.585 6103.66
0.587 6110.61
0.589 5447.69
0.591 6041.26
0.593 6105.41
0.595 6119.63
0.597 6241.69
0.599 6148.68
0.601 6082.84
0.603 6264.27
0.605 6393.64
0.607 6393.83
0.609 6178.24
0.611 6218.15
0.613 5893.27
0.615 6063.76
0.617 5767.52
0.619 6148.08
0.621 6107.44
0.623 5927.98
0.625 5750.21
0.627 6046.49
0.629 6177.89
0.631 6025.84
0.633 6129.18
0.635 6141.76
0.637 6126.28
0.639 6273.83
0.641 6164.75
0.643 6242.82
0.645 6210.12
0.647 6215.53
0.649 6104.43
0.651 6337.5
0.653 6334.48
0.655 6141.4
0.657 5747.19
0.659 6274.44
0.661 6372.81
0.663 6327.48
0.665 6342.63
0.667 6208.75
0.669 6314
0.671 6081.74
0.673 6260.6
0.675 6164.51
0.677 6214.95
0.679 6150.21
0.681 6201.51
0.683 6291.13
0.685 6141.07
0.687 6263.48
0.689 6370.96
0.691 6368.1
0.693 6333.01
0.695 6348.82
0.697 6448.25
0.699 6434.35
0.701 6349.48
0.703 6508.77
0.705 6557.44
0.707 6364.34
0.709 6176.78
0.711 6033.7
0.713 5921.04
0.715 5917.27
0.717 6005.38
0.719 5874.34
0.721 6034.6
0.723 6185.36
0.725 6248.12
0.727 6308.56
0.729 6231.51
0.731 6434.47
0.733 6473.86
0.735 6562.26
0.737 6750.88
0.739 6637.49
0.741 6653.68
0.743 6837.62
0.745 6854.25
0.747 6986.26
0.749 6989.84
0.751 7087.92
0.753 7224.9
0.755 7295.22
0.757 7281.26
0.759 7138.17
0.761 7016.83
0.763 6872.97
0.765 6735.56
0.767 6416.88
0.769 6592.61
0.771 6483.32
0.773 6513
0.775 6482.89
0.777 6579.03
0.779 6660.75
0.781 6664.85
0.783 6625.17
0.785 6548.82
0.787 6684.27
0.789 6602.8
0.791 6465.41
0.793 6510.03
0.795 6472.6
0.797 6715.21
0.799 6738.72
0.801 6825.06
0.803 6867.87
0.805 6890.71
0.807 7004.66
0.809 6952.82
0.811 7050
0.813 7284.74
0.815 7391.75
0.817 7484.64
0.819 7266.48
0.821 7181.8
0.823 7246.23
0.825 7252.07
0.827 7348.27
0.829 7279.37
0.831 7034.27
0.833 7000.72
0.835 7013.56
0.837 7077.1
0.839 6845.79
0.841 7091.94
0.843 6751.22
0.845 6602.56
0.847 6624.22
0.849 6691.32
0.851 6404.74
0.853 6717.78
0.855 6186.97
0.857 6978.4
0.859 6885.48
0.861 6984.36
0.863 7180.05
0.865 7196.69
0.867 6472.62
0.869 7071.99
0.871 7366.66
0.873 7436.47
0.875 7324.6
0.877 7536.19
0.879 7664.1
0.881 7529.74
0.883 7628.68
0.885 7602.84
0.887 7271.16
0.889 7459.73
0.891 7584.52
0.893 7452.98
0.895 7495.2
0.897 7539.65
0.899 7560.74
0.901 7285.31
0.903 7614.77
0.905 7920.89
0.907 7940.56
0.909 7796.06
0.911 7920.37
0.913 8090.72
0.915 8047.57
0.917 8055.36
0.919 8162.47
0.921 7826.74
0.923 7570.67
0.925 7613.45
0.927 7700.4
0.929 7615.46
0.931 7688.27
0.933 7718.09
0.935 7702.42
0.937 7585.3
0.939 7745.42
0.941 7595.32
0.943 7825.46
0.945 7719.68
0.947 7929.55
0.949 7963.2
0.951 7821.79
0.953 7871.08
0.955 7683.36
0.957 7842.72
0.959 8034.58
0.961 7936.01
0.963 7999.45
0.965 7867.01
0.967 7883.31
0.969 8037.78
0.971 7922.84
0.973 7860.54
0.975 7844.27
0.977 7902.13
0.979 7800.83
0.981 8023.09
0.983 7949.51
0.985 8031.22
0.987 7985.36
0.989 7992.15
0.991 7930.59
0.993 8000.88
0.995 8034.72
0.997 8054.42
0.999 8039.72
1.003 8039.74
1.007 7954.53
1.013 8116.29
1.017 8049.24
1.022 8111.89
1.028 8176.6
1.032 8100.52
1.038 8083.48
1.043 8153.4
1.048 8069.21
1.052 8027.51
1.058 7912.37
1.063 7875.22
1.068 7819.65
1.072 7893.53
1.078 7876.2
1.082 7782.03
1.087 7788.27
1.092 7779.98
1.098 7734
1.102 7724.22
1.108 7643.83
1.113 7646.59
1.117 7615.66
1.122 7644.44
1.128 7575.39
1.133 7595.52
1.138 7570.9
1.143 7515.88
1.147 7636.21
1.153 7643.27
1.157 7574.95
1.162 7486.17
1.167 7505.91
1.173 7572.37
1.177 7423.37
1.183 7383.91
1.187 7277.7
1.192 7418.84
1.198 7202.8
1.203 7365.8
1.207 7321.44
1.212 7354.67
1.218 7401.19
1.223 7377.82
1.227 7343.63
1.232 7313.53
1.237 7322.64
1.243 7244.43
1.248 7248.35
1.253 7201.48
1.258 7201.82
1.262 7179.72
1.267 7135.91
1.272 7162.56
1.278 7185.72
1.283 6945.52
1.288 7104.21
1.292 7043.35
1.298 7143.93
1.302 7065.38
1.308 7116.59
1.313 6981.56
1.318 6986.22
1.323 7008.01
1.328 6906.66
1.332 6924.31
1.338 6872.82
1.343 6919.27
1.347 6877.45
1.352 6846.76
1.357 6770.51
1.363 6763.19
1.367 6810.64
1.373 6850.34
1.377 6847.38
1.382 6873.89
1.388 6832.8
1.393 6566.1
1.397 6540.13
1.402 6490.25
1.408 6564.87
1.412 6492.93
1.418 6582.85
1.423 6531.66
1.428 6446.02
1.433 6577.56
1.438 6646.64
1.442 6497.23
1.448 6636.1
1.452 6594.04
1.457 6649.63
1.462 6531.75
1.467 6512.25
1.472 6469.73
1.477 6530.32
1.483 6585.04
1.488 6531.22
1.492 6718.97
1.498 6678.35
1.503 6598.85
1.507 6628.95
1.512 6771.3
1.517 6813.53
1.522 6826.95
1.528 6895.6
1.533 6894.5
1.537 6903.36
1.543 6875.28
1.548 6908.62
1.552 6858.23
1.557 6687.91
1.562 6776.22
1.567 6758.82
1.572 6927.93
1.578 6530.62
1.583 6577.65
1.587 6566.01
1.593 6795.24
1.598 6689.34
1.605 6758.7
1.615 6885.23
1.625 6748.32
1.635 6964.67
1.645 6729.71
1.655 6916.16
1.665 6795.71
1.675 6788.76
1.685 6707.16
1.695 6771.14
1.705 6665.2
1.715 6606.49
1.725 6499.49
1.735 6343.39
1.745 6307.37
1.755 6220.47
1.765 6132.19
1.775 5998.24
1.785 5936.59
1.795 5818.4
1.805 5694.25
1.815 5615.81
1.825 5570.85
1.835 5522.87
1.845 5412.68
1.855 5382.51
1.865 5269.69
1.875 5164.26
1.885 5187.33
1.895 5025.69
1.905 5115.61
1.915 5046.89
1.925 5009.22
1.935 4899.59
1.945 4800.1
1.955 4810.84
1.965 4751.41
1.975 4651.2
1.985 4627.57
1.995 4596.36
2.005 4595.58
2.015 4553.84
2.025 4473
2.035 4449.14
2.045 4458.86
2.055 4407.42
2.065 4372.43
2.075 4356.61
2.085 4315.68
2.095 4261.69
2.105 4279.53
2.115 4221.96
2.125 4191.44
2.135 4198.46
2.145 4159.5
2.155 4117.45
2.165 4059.35
2.175 4029.01
2.185 4008.6
2.195 3980
2.205 3901.22
2.215 3924.16
2.225 3849.34
2.235 3821.51
2.245 3790.59
2.255 3764.59
2.265 3700.53
2.275 3708.77
2.285 3638.2
2.295 3116.91
2.305 3319.45
2.315 3314.62
2.325 2878.63
2.335 3085.21
2.345 2984.2
2.355 2687.43
2.365 2897.24
2.375 2798.87
2.385 2561.54
2.395 2721.68
2.405 2677.34
2.415 2469.24
2.425 2577.14
2.435 2524.41
2.445 2403.17
2.455 2371.58
2.465 2405.85
2.475 2313.27
2.485 2117.7
2.495 2110.21
2.505 2150.82
2.515 2021.64
2.525 2083.08
2.535 2085.91
2.545 2046.96
2.555 2049.24
2.565 2060.31
2.575 2089.15
2.585 2016.48
2.595 2039.08
2.605 2064.89
2.615 2030.25
2.625 2006.83
2.635 2021.37
2.645 2006.1
2.655 1994.45
2.665 1954.15
2.675 1999.62
2.685 1985.73
2.695 1932.61
2.705 1952
2.715 1938.25
2.725 1944.09
2.735 1904.76
2.745 1911.4
2.755 1909.53
2.765 1887.56
2.775 1856.14
2.785 1870.77
2.795 1870.52
2.805 1846.89
2.815 1825.05
2.825 1828.17
2.835 1818.48
2.845 1804.28
2.855 1792.31
2.865 1788.03
2.875 1773.44
2.885 1754.59
2.895 1746.58
2.905 1741.22
2.915 1731.63
2.925 1698.3
2.935 1708.65
2.945 1686.83
2.955 1681.69
2.965 1677.19
2.975 1660.25
2.985 1648.83
2.995 1639.44
3.005 1625.3
3.015 1627.87
3.025 1607.78
3.035 1595.45
3.045 1603.99
3.055 1584.24
3.065 1580.35
3.075 1573.84
3.085 1558.09
3.095 1561.7
3.105 1559.4
3.115 1535.58
3.125 1539.79
3.135 1528.73
3.145 1523.17
3.155 1518.62
3.165 1504.65
3.175 1503.92
3.185 1502.59
3.195 1507.01
3.21 1515.08
3.23 1550.8
3.25 1613.2
3.27 1679.06
3.29 1719.68
3.31 1706.53
3.33 1636.67
3.35 1538.64
3.37 1441.83
3.39 1374.87
3.41 1329.32
3.43 1306.29
3.45 1291.06
3.47 1273.24
3.49 1257.61
3.51 1243.39
3.53 1224.32
3.55 1211.27
3.57 1194.18
3.59 1178.11
3.61 1170.35
3.63 1152.95
3.65 1137.46
3.67 1122.16
3.69 1104.44
3.71 1089.54
3.73 1079.29
3.75 1059.96
3.77 1049.32
3.79 1034.45
3.81 1026.61
3.83 1016.6
3.85 1005.17
3.87 988.065
3.89 978.113
3.91 966.149
3.93 957.281
3.95 938.887
3.97 930.151
3.99 914.177
4.01 909.432
4.03 901.249
4.05 886.683
4.07 878.685
4.09 868.147
4.11 860.881
4.13 851.528
4.15 841.081
4.17 830.476
4.19 824.714
4.21 812.349
4.23 808.391
4.25 797.776
4.27 791.598
4.29 756.773
4.31 722.628
4.33 726.708
4.35 697.475
4.37 685.041
4.39 677.158
4.41 654.479
4.43 650.027
4.45 643.902
4.47 629.693
4.49 631.914
4.51 622.353
4.53 613.181
4.55 615.815
4.57 615.195
4.59 599.784
4.61 605.63
4.63 601.344
4.65 596.665
4.67 601.066
4.69 595.836
4.71 590.149
4.73 594.736
4.75 586.805
4.77 586.557
4.79 585.999
4.81 579.244
4.83 585.039
4.85 579.279
4.87 574.899
4.89 572.673
4.91 571.279
4.93 569.563
4.95 564.993
4.97 566.863
4.99 560.841
5.01 560.529
5.03 558.345
5.05 553.546
5.07 553.745
5.09 551.639
5.11 548.099
5.13 548.474
5.15 545.102
5.17 546.733
5.19 543.481
5.21 542.606
5.23 538.847
5.25 538.661
5.27 540.027
5.29 534.089
5.31 531.818
5.33 531.863
5.35 529.978
5.37 528.896
5.39 527.6
5.41 526.385
5.43 525.309
5.45 524.421
5.47 523.771
5.49 523.408
5.51 523.38
5.53 523.732
5.55 524.512
5.57 525.767
5.59 527.545
5.61 529.894
5.63 532.864
5.65 536.508
5.67 540.881
5.69 546.042
5.71 552.053
5.73 558.978
5.75 566.894
5.77 575.878
5.79 586.012
5.81 597.396
5.83 610.133
5.85 624.347
5.87 640.147
5.89 657.689
5.91 677.132
5.93 698.661
5.95 722.461
5.97 748.763
5.99 777.831
6.01 809.938
6.03 845.044
6.05 847.805
6.07 886.317
6.09 923.037
6.11 948.84
6.13 1050.49
6.15 1208.55
6.17 1471.09
6.19 1743.09
6.21 2020.37
6.23 2073.48
6.25 2046.22
6.27 1928.13
6.29 1719.45
6.31 1535.95
6.33 1400.82
6.35 1272.98
6.37 1161.07
6.39 1074.75
6.42 927.529
6.46 774.987
6.5 738.303
6.54 708.864
6.58 777.644
6.62 836.92
6.66 862.517
6.7 845.808
6.74 872.648
6.78 908.94
6.82 908.438
6.86 867.941
6.9 911.814
6.94 1055.45
6.98 1164.47
7.02 1333.06
7.06 1120.74
7.1 1003.1
7.14 1068.43
7.18 1154.7
7.22 1225.13
7.26 1195.25
7.3 1311.82
7.34 1321.08
7.38 1284.47
7.42 1532.08
7.46 1727.24
7.5 1999.28
7.54 2030.66
7.58 2278.72
7.62 2503.27
7.66 2612.09
7.7 2649.86
7.74 2571.56
7.78 2540.47
7.82 2526.58
7.86 2519.86
7.9 2436.54
7.94 2309.87
7.98 2125.82
8.02 1940.75
8.06 1761.13
8.1 1599.35
8.14 1483.6
8.18 1411.33
8.22 1359.03
8.26 1332.73
8.3 1348.44
8.34 1346.7
8.38 1342.9
8.42 1346.36
8.46 1374.2
8.5 1413.64
8.54 1455.02
8.58 1506.97
8.62 1562
8.66 1519.61
8.7 1429.59
8.74 1301.79
8.78 1161.03
8.82 1034.74
8.86 922.096
8.9 802.736
8.94 714.681
8.98 671.976
9.02 639.899
9.06 613.318
9.1 592.531
9.14 544.792
9.18 493.796
9.22 489.394
9.26 480.489
9.3 468.306
9.34 454.814
9.38 451.313
9.42 459.409
9.46 465.585
9.5 469.402
9.54 469.042
9.58 467.353
9.62 480.91
9.66 548.191
9.7 572.921
9.74 567.95
9.78 522.62
9.82 487.317
9.82316 484.956
9.86 460.664
9.9 476.472
9.94 486.948
9.94788 487.831
9.98 491.454
10 493.212
10.0742 493.072
10.2021 509.088
10.3316 511.523
10.4628 550.426
10.5957 650.766
10.7302 695.342
10.8665 723.658
11 861.92
11.0044 871.464
11.1442 1297.27
11.2857 2691.47
11.4289 1908.97
11.5741 1257.53
11.721 972.023
11.8699 934.86
12 1026.5
12.0206 1036.05
12.1732 951.403
12.3278 1061.99
12.4843 1123.24
12.6428 1291.36
12.8033 1677.62
12.9659 953.103
13 829.401
13.1305 720.535
13.2972 715.318
13.4661 664.82
13.6371 658.165
13.8102 596.725
13.9856 598.125
14 596.715
14.1631 632.973
14.343 652.049
14.5251 540.833
14.7095 463.692
14.8963 450.448
15 445.451
15.0854 442.663
15.277 455.201
15.471 635.597
15.6674 500.967
15.8663 507.169
16 516.69
16.0678 517.782
16.2718 634.2
16.4784 768.95
16.6876 716.32
16.8995 815.654
17 916.632
17.1141 842.938
17.3314 764.245
17.5515 610.045
17.7743 558.858
18 513.311
19 494.633
20 458.462
21 481.303
22 504.68
23 532.758
24 564.331
25 577.475
26 600.889
27 627.159
28 655.206
30 714.18
32 774.262
34 836.886
36 903.089
38 972.162
40 1046.18
42 1125.92
44 1208.72
46 1297.49
48 1389.93
50 1486.24
52 1589.07
54 1696.32
56 1807.25
58 1914.34
60 2002.95
62 2093.99
64 2185.79
66 2274.44
68 2354.15
70 2433.84
80 2829.91
90 3056.28
100 3106.43
110 3112.37
120 3024.5
130 2858.1
140 2610.31
150 2397.27
159.9 2155.76
300 457.983
800 8.98464
1200 1.76888
1272 1.40046
1447 0.835386
1646 0.500968
1873 0.310332
2131 0.200812
2425 0.137207
2759 0.0995017
3139 0.0765379
3572 0.0619749
4064 0.0523073
4624 0.0454966
5261 0.0404345
5986 0.0364692
6046 0.035033
