0.0912 1575.63
0.092 1592.63
0.093 1614.04
0.094 1635.57
0.095 1657.21
0.096 1678.98
0.097 1700.87
0.098 1722.87
0.099 1745
0.1 1767.25
0.101 1789.61
0.102 1812.1
0.103 1834.71
0.104 1857.44
0.105 1880.28
0.106 1903.26
0.107 1926.35
0.108 1949.55
0.109 1972.88
0.11 1996.32
0.111 2019.89
0.112 2043.57
0.113 2067.37
0.114 2091.29
0.115 2115.32
0.116 2139.47
0.117 2163.73
0.118 2188.11
0.119 2212.6
0.12 2237.21
0.121 2261.93
0.122 2286.76
0.123 2311.69
0.124 2336.74
0.125 2361.9
0.126 2387.17
0.127 2412.55
0.128 2438.03
0.129 2463.61
0.13 2489.3
0.131 2515.09
0.132 2540.99
0.133 2566.98
0.134 2593.08
0.135 2619.27
0.136 2645.56
0.137 2671.95
0.138 2698.43
0.139 2725.01
0.14 2751.68
0.141 2780.18
0.142 2808.79
0.143 2837.51
0.144 2866.35
0.145 2895.29
0.146 2924.35
0.147 2953.51
0.148 2982.79
0.149 3012.16
0.15 3041.64
0.151 3068.12
0.152 3094.66
0.153 3121.26
0.154 3147.93
0.155 3174.64
0.156 3201.4
0.157 3228.22
0.158 3255.1
0.159 3282.02
0.16 3308.99
0.161 3337
0.162 3365.06
0.163 3393.18
0.164 3421.36
0.165 3449.59
0.166 3477.88
0.167 3506.21
0.168 3534.59
0.169 3563.02
0.17 3591.49
0.171 3613.7
0.172 3635.87
0.173 3658.02
0.174 3680.12
0.175 3702.19
0.176 3724.22
0.177 3746.22
0.178 3768.18
0.179 3790.11
0.18 3811.98
0.181 3820.07
0.182 3827.96
0.183 3835.65
0.184 3843.15
0.185 3850.45
0.186 3857.54
0.187 3864.43
0.188 3871.11
0.189 3877.6
0.19 3883.88
0.191 3878.58
0.192 3872.95
0.193 3866.99
0.194 3860.7
0.195 3854.08
0.196 3847.13
0.197 3839.84
0.198 3832.22
0.199 3824.26
0.2 3815.97
0.201 3804.86
0.202 3793.39
0.203 3781.56
0.204 3769.37
0.205 3756.8
0.206 3743.86
0.207 3730.56
0.208 3716.89
0.209 3702.86
0.21 3688.45
0.211 3679.29
0.212 3669.82
0.213 3660.03
0.214 3649.92
0.215 3639.49
0.216 3628.75
0.217 3617.66
0.218 3606.26
0.219 3594.54
0.22 3582.49
0.221 3577.38
0.222 3572.02
0.223 3566.38
0.224 3560.48
0.225 3554.33
0.226 3547.91
0.227 3541.23
0.228 3534.3
0.229 3527.1
0.23 3519.62
0.231 3514.74
0.232 3509.61
0.233 3504.25
0.234 3498.66
0.235 3492.82
0.236 3486.73
0.237 3480.4
0.238 3473.84
0.239 3467.04
0.24 3460
0.241 3456.68
0.242 3453.14
0.243 3449.4
0.244 3445.45
0.245 3441.29
0.246 3436.93
0.247 3432.37
0.248 3427.58
0.249 3422.59
0.25 3417.4
0.251 3417.67
0.252 3417.78
0.253 3417.73
0.254 3417.51
0.255 3417.13
0.256 3416.59
0.257 3415.89
0.258 3415.04
0.259 3414.03
0.26 3412.85
0.261 3417.94
0.262 3422.93
0.263 3427.81
0.264 3432.58
0.265 3437.24
0.266 3441.8
0.267 3446.24
0.268 3450.59
0.269 3454.83
0.27 3458.96
0.271 3468.56
0.272 3478.09
0.273 3487.55
0.274 3496.96
0.275 3506.3
0.276 3515.59
0.277 3524.82
0.278 3534
0.279 3543.11
0.28 3552.16
0.281 3565.2
0.282 3578.22
0.283 3591.21
0.284 3604.17
0.285 3617.11
0.286 3630.03
0.287 3642.92
0.288 3655.8
0.289 3668.65
0.29 3681.49
0.2904 3687.09
0.2908 3692.7
0.2912 3698.3
0.2916 3703.9
0.292 3709.5
0.2924 3715.11
0.2928 3720.7
0.2932 3726.3
0.2936 3731.9
0.294 3737.49
0.2944 3743.69
0.2948 3749.89
0.2952 3756.09
0.2956 3762.29
0.296 3768.49
0.2964 3774.69
0.2968 3780.9
0.2972 3787.1
0.2976 3793.31
0.298 3799.52
0.2984 3805.73
0.2988 3811.94
0.2992 3818.15
0.2996 3824.36
0.3 3830.58
0.3004 3836.8
0.3008 3843.01
0.3012 3849.23
0.3016 3855.46
0.302 3861.68
0.3024 3867.91
0.3028 3874.14
0.3032 3880.37
0.3036 3886.6
0.304 3892.84
0.3044 3899.08
0.3048 3905.32
0.3052 3911.56
0.3056 3917.81
0.306 3924.06
0.3064 3930.31
0.3068 3936.56
0.3072 3942.82
0.3076 3949.08
0.308 3955.34
0.3084 3961.61
0.3088 3967.88
0.3092 3974.16
0.3096 3980.43
0.31 3986.71
0.3104 3993
0.3108 3999.28
0.3112 4005.57
0.3116 4011.87
0.312 4018.17
0.3124 4024.47
0.3128 4030.78
0.3132 4037.09
0.3136 4043.4
0.314 4049.72
0.3144 4055.4
0.3148 4061.08
0.3152 4066.76
0.3156 4072.45
0.316 4078.14
0.3164 4083.83
0.3168 4089.53
0.3172 4095.23
0.3176 4100.93
0.318 4106.64
0.3184 4111.69
0.3188 4116.75
0.3192 4121.81
0.3196 4126.87
0.32 4131.93
0.3204 4137
0.3208 4142.07
0.3212 4147.14
0.3216 4152.21
0.322 4157.28
0.3224 4161.7
0.3228 4166.12
0.3232 4170.54
0.3236 4174.96
0.324 4179.38
0.3244 4183.8
0.3248 4188.22
0.3252 4192.65
0.3256 4197.07
0.326 4201.5
0.3264 4206.6
0.3268 4211.7
0.3272 4216.81
0.3276 4221.92
0.328 4227.03
0.3284 4232.15
0.3288 4237.28
0.3292 4242.4
0.3296 4247.53
0.33 4252.67
0.3304 4259.16
0.3308 4265.66
0.3312 4272.17
0.3316 4278.69
0.332 4285.21
0.3324 4291.75
0.3328 4298.28
0.3332 4304.83
0.3336 4311.39
0.334 4317.95
0.3344 4325.22
0.3348 4332.49
0.3352 4339.76
0.3356 4347.05
0.336 4354.36
0.3364 4361.66
0.3368 4368.99
0.3372 4376.32
0.3376 4383.66
0.338 4391.01
0.3384 4398.37
0.3388 4405.74
0.3392 4413.13
0.3396 4420.53
0.34 4427.93
0.3404 4435.35
0.3408 4442.78
0.3412 4450.22
0.3416 4457.67
0.342 4465.14
0.3424 4472.6
0.3428 4480.09
0.3432 4487.59
0.3436 4495.1
0.344 4502.62
0.3444 4510.16
0.3448 4517.7
0.3452 4525.26
0.3456 4532.83
0.346 4540.4
0.3464 4545.87
0.3468 4551.34
0.3472 4556.81
0.3476 4562.29
0.348 4567.79
0.3484 4573.28
0.3488 4578.79
0.3492 4584.3
0.3496 4589.82
0.35 4595.36
0.3504 4605.93
0.3508 4616.51
0.3512 4627.13
0.3516 4637.76
0.352 4648.41
0.3524 4659.09
0.3528 4669.78
0.3532 4680.48
0.3536 4691.22
0.354 4701.98
0.3544 4695.28
0.3548 4688.59
0.3552 4681.86
0.3556 4675.11
0.356 4668.36
0.3564 4661.58
0.3568 4654.78
0.3572 4647.97
0.3576 4641.13
0.358 4634.27
0.3584 4622.99
0.3588 4611.68
0.3592 4600.33
0.3596 4588.97
0.36 4577.57
0.3604 4566.14
0.3608 4554.69
0.3612 4543.21
0.3616 4531.7
0.362 4520.17
0.3624 4535.38
0.3628 4550.62
0.3632 4565.91
0.3636 4581.22
0.364 4596.56
0.3644 4611.94
0.3648 4627.34
0.3652 4642.78
0.3656 4658.25
0.366 4673.76
0.3664 4802.84
0.3668 4932.23
0.3672 5061.88
0.3676 5191.81
0.368 5322.03
0.3684 5452.53
0.3688 5583.3
0.3692 5714.36
0.3696 5845.7
0.37 5977.31
0.3704 6042.32
0.3708 6107.45
0.3712 6172.72
0.3716 6238.14
0.372 6303.68
0.3724 6369.35
0.3728 6435.18
0.3732 6501.13
0.3736 6567.22
0.374 6633.46
0.3744 6552.28
0.3748 6470.92
0.3752 6389.39
0.3756 6307.68
0.376 6225.78
0.3764 6143.72
0.3768 6061.48
0.3772 5979.05
0.3776 5896.45
0.378 5813.67
0.3784 5822.36
0.3788 5831.08
0.3792 5839.8
0.3796 5848.53
0.38 5857.3
0.3804 5866.07
0.3808 5874.85
0.3812 5883.67
0.3816 5892.49
0.382 5901.33
0.3824 5955.71
0.3828 6010.2
0.3832 6064.8
0.3836 6119.53
0.384 6174.35
0.3844 6229.29
0.3848 6284.35
0.3852 6339.51
0.3856 6394.79
0.386 6450.19
0.3864 6465.24
0.3868 6480.32
0.3872 6495.44
0.3876 6510.58
0.388 6525.75
0.3884 6540.96
0.3888 6556.19
0.3892 6571.45
0.3896 6586.74
0.39 6602.05
0.3904 6591.76
0.3908 6581.45
0.3912 6571.1
0.3916 6560.74
0.392 6550.36
0.3924 6539.95
0.3928 6529.52
0.3932 6519.07
0.3936 6508.58
0.394 6498.08
0.3944 6541.8
0.3948 6585.6
0.3952 6629.49
0.3956 6673.47
0.396 6717.53
0.3964 6761.68
0.3968 6805.93
0.3972 6850.25
0.3976 6894.67
0.398 6939.17
0.3984 7018.92
0.3988 7098.83
0.3992 7178.91
0.3996 7259.13
0.4 7339.52
0.4004 7420.07
0.4008 7500.76
0.4012 7581.63
0.4016 7662.65
0.402 7743.83
0.4024 7750.01
0.4028 7756.2
0.4032 7762.39
0.4036 7768.6
0.404 7774.82
0.4044 7781.04
0.4048 7787.28
0.4052 7793.53
0.4056 7799.78
0.406 7806.05
0.4064 7768.95
0.4068 7731.77
0.4072 7694.52
0.4076 7657.2
0.408 7619.78
0.4084 7582.31
0.4088 7544.76
0.4092 7507.12
0.4096 7469.42
0.41 7431.65
0.4104 7456.12
0.4108 7480.65
0.4112 7505.22
0.4116 7529.83
0.412 7554.5
0.4124 7579.21
0.4128 7603.96
0.4132 7628.77
0.4136 7653.62
0.414 7678.51
0.4144 7719.62
0.4148 7760.8
0.4152 7802.05
0.4156 7843.4
0.416 7884.81
0.4164 7926.29
0.4168 7967.87
0.4172 8009.52
0.4176 8051.24
0.418 8093.05
0.4184 8101.44
0.4188 8109.83
0.4192 8118.26
0.4196 8126.69
0.42 8135.13
0.4204 8143.59
0.4208 8152.07
0.4212 8160.54
0.4216 8169.06
0.422 8177.57
0.4224 8165.28
0.4228 8152.99
0.4232 8140.66
0.4236 8128.29
0.424 8115.93
0.4244 8103.52
0.4248 8091.08
0.4252 8078.64
0.4256 8066.16
0.426 8053.64
0.4264 8036.74
0.4268 8019.8
0.4272 8002.82
0.4276 7985.83
0.428 7968.79
0.4284 7951.7
0.4288 7934.61
0.4292 7917.46
0.4296 7900.28
0.43 7883.09
0.4304 7899.42
0.4308 7915.76
0.4312 7932.16
0.4316 7948.58
0.432 7965.02
0.4324 7981.5
0.4328 7998.01
0.4332 8014.53
0.4336 8031.1
0.434 8047.7
0.4344 8079.47
0.4348 8111.31
0.4352 8143.2
0.4356 8175.15
0.436 8207.16
0.4364 8239.23
0.4368 8271.34
0.4372 8303.53
0.4376 8335.76
0.438 8368.05
0.4384 8388.71
0.4388 8409.4
0.4392 8430.12
0.4396 8450.89
0.44 8471.68
0.4404 8492.51
0.4408 8513.38
0.4412 8534.29
0.4416 8555.22
0.442 8576.2
0.4424 8603.57
0.4428 8630.98
0.4432 8658.45
0.4436 8685.95
0.444 8713.51
0.4444 8741.12
0.4448 8768.77
0.4452 8796.46
0.4456 8824.21
0.446 8852
0.4464 8867.93
0.4468 8883.89
0.4472 8899.87
0.4476 8915.87
0.448 8931.91
0.4484 8947.97
0.4488 8964.05
0.4492 8980.17
0.4496 8996.3
0.45 9012.46
0.4504 9015.71
0.4508 9018.96
0.4512 9022.2
0.4516 9025.47
0.452 9028.72
0.4524 9031.98
0.4528 9035.24
0.4532 9038.51
0.4536 9041.77
0.454 9045.05
0.4544 9060.44
0.4548 9075.86
0.4552 9091.31
0.4556 9106.78
0.456 9122.27
0.4564 9137.8
0.4568 9153.34
0.4572 9168.9
0.4576 9184.49
0.458 9200.1
0.4584 9211.04
0.4588 9221.99
0.4592 9232.95
0.4596 9243.93
0.46 9254.93
0.4604 9265.94
0.4608 9276.96
0.4612 9288.01
0.4616 9299.07
0.462 9310.14
0.4624 9315.54
0.4628 9320.93
0.4632 9326.34
0.4636 9331.76
0.464 9337.17
0.4644 9342.59
0.4648 9348.02
0.4652 9353.45
0.4656 9358.89
0.466 9364.34
0.4664 9364.04
0.4668 9363.74
0.4672 9363.44
0.4676 9363.13
0.468 9362.82
0.4684 9362.5
0.4688 9362.18
0.4692 9361.85
0.4696 9361.52
0.47 9361.18
0.4704 9362.78
0.4708 9364.37
0.4712 9365.95
0.4716 9367.54
0.472 9369.13
0.4724 9370.7
0.4728 9372.29
0.4732 9373.87
0.4736 9375.44
0.474 9377.02
0.4744 9381.52
0.4748 9386.01
0.4752 9390.51
0.4756 9395.02
0.476 9399.52
0.4764 9404.03
0.4768 9408.55
0.4772 9413.06
0.4776 9417.58
0.478 9422.11
0.4784 9437.43
0.4788 9452.78
0.4792 9468.15
0.4796 9483.53
0.48 9498.94
0.4804 9514.37
0.4808 9529.82
0.4812 9545.29
0.4816 9560.78
0.482 9576.29
0.4824 9613.61
0.4828 9650.98
0.4832 9688.4
0.4836 9725.89
0.484 9763.44
0.4844 9801.03
0.4848 9838.69
0.4852 9876.4
0.4856 9914.16
0.486 9951.98
0.4864 9928.96
0.4868 9905.89
0.4872 9882.79
0.4876 9859.64
0.488 9836.44
0.4884 9813.2
0.4888 9789.92
0.4892 9766.58
0.4896 9743.21
0.49 9719.8
0.4904 9727.53
0.4908 9735.28
0.4912 9743.04
0.4916 9750.79
0.492 9758.56
0.4924 9766.33
0.4928 9774.11
0.4932 9781.9
0.4936 9789.69
0.494 9797.48
0.4944 9924.01
0.4948 10050.7
0.4952 10177.7
0.4956 10304.8
0.496 10432.1
0.4964 10559.6
0.4968 10687.4
0.4972 10815.3
0.4976 10943.4
0.498 11071.7
0.4984 11061.1
0.4988 11050.4
0.4992 11039.8
0.4996 11029.1
0.5 11018.3
0.5004 11007.6
0.5008 10996.8
0.5012 10986
0.5016 10975.2
0.502 10964.4
0.5024 10837
0.5028 10709.4
0.5032 10581.5
0.5036 10453.5
0.504 10325.2
0.5044 10196.8
0.5048 10068.1
0.5052 9939.23
0.5056 9810.14
0.506 9680.83
0.5064 9657.33
0.5068 9633.78
0.5072 9610.18
0.5076 9586.55
0.508 9562.87
0.5084 9539.14
0.5088 9515.37
0.5092 9491.55
0.5096 9467.69
0.51 9443.78
0.5104 9444.97
0.5108 9446.15
0.5112 9447.33
0.5116 9448.5
0.512 9449.66
0.5124 9450.82
0.5128 9451.97
0.5132 9453.12
0.5136 9454.26
0.514 9455.39
0.5144 9450.18
0.5148 9444.96
0.5152 9439.71
0.5156 9434.45
0.516 9429.18
0.5164 9423.89
0.5168 9418.58
0.5172 9413.25
0.5176 9407.91
0.518 9402.55
0.5184 9412.07
0.5188 9421.59
0.5192 9431.12
0.5196 9440.66
0.52 9450.21
0.5204 9459.75
0.5208 9469.31
0.5212 9478.87
0.5216 9488.43
0.522 9498
0.5224 9505.44
0.5228 9512.87
0.5232 9520.3
0.5236 9527.74
0.524 9535.18
0.5244 9542.62
0.5248 9550.06
0.5252 9557.51
0.5256 9564.95
0.526 9572.4
0.5264 9584.17
0.5268 9595.95
0.5272 9607.73
0.5276 9619.53
0.528 9631.33
0.5284 9643.14
0.5288 9654.95
0.5292 9666.78
0.5296 9678.61
0.53 9690.45
0.5304 9671.81
0.5308 9653.14
0.5312 9634.43
0.5316 9615.67
0.532 9596.88
0.5324 9578.05
0.5328 9559.18
0.5332 9540.28
0.5336 9521.33
0.534 9502.34
0.5344 9507.45
0.5348 9512.55
0.5352 9517.65
0.5356 9522.74
0.536 9527.84
0.5364 9532.92
0.5368 9538.01
0.5372 9543.09
0.5376 9548.17
0.538 9553.24
0.5384 9605.83
0.5388 9658.48
0.5392 9711.21
0.5396 9763.99
0.54 9816.85
0.5404 9869.77
0.5408 9922.76
0.5412 9975.81
0.5416 10028.9
0.542 10082.1
0.5424 10110.9
0.5428 10139.7
0.5432 10168.5
0.5436 10197.3
0.544 10226.2
0.5444 10255.1
0.5448 10284.1
0.5452 10313
0.5456 10342
0.546 10371.1
0.5464 10350.8
0.5468 10330.4
0.5472 10310.1
0.5476 10289.6
0.548 10269.2
0.5484 10248.7
0.5488 10228.1
0.5492 10207.5
0.5496 10186.9
0.55 10166.2
0.5504 10143.2
0.5508 10120.2
0.5512 10097.1
0.5516 10074
0.552 10050.8
0.5524 10027.6
0.5528 10004.3
0.5532 9981.03
0.5536 9957.68
0.554 9934.27
0.5544 9939.26
0.5548 9944.25
0.5552 9949.23
0.5556 9954.2
0.556 9959.17
0.5564 9964.12
0.5568 9969.08
0.5572 9974.02
0.5576 9978.96
0.558 9983.89
0.5584 9987.67
0.5588 9991.44
0.5592 9995.2
0.5596 9998.95
0.56 10002.7
0.5604 10006.4
0.5608 10010.1
0.5612 10013.9
0.5616 10017.6
0.562 10021.3
0.5624 10031.9
0.5628 10042.5
0.5632 10053.1
0.5636 10063.7
0.564 10074.3
0.5644 10084.9
0.5648 10095.5
0.5652 10106.2
0.5656 10116.8
0.566 10127.4
0.5664 10138
0.5668 10148.6
0.5672 10159.2
0.5676 10169.8
0.568 10180.4
0.5684 10191
0.5688 10201.6
0.5692 10212.3
0.5696 10222.9
0.57 10233.5
0.5704 10239.4
0.5708 10245.3
0.5712 10251.2
0.5716 10257.1
0.572 10263
0.5724 10268.9
0.5728 10274.8
0.5732 10280.6
0.5736 10286.5
0.574 10292.3
0.5744 10297
0.5748 10301.6
0.5752 10306.3
0.5756 10310.9
0.576 10315.5
0.5764 10320.2
0.5768 10324.8
0.5772 10329.3
0.5776 10333.9
0.578 10338.5
0.5784 10343.1
0.5788 10347.6
0.5792 10352.2
0.5796 10356.7
0.58 10361.2
0.5804 10365.7
0.5808 10370.2
0.5812 10374.7
0.5816 10379.2
0.582 10383.6
0.5824 10386.9
0.5828 10390.1
0.5832 10393.4
0.5836 10396.6
0.584 10399.8
0.5844 10403
0.5848 10406.2
0.5852 10409.3
0.5856 10412.5
0.586 10415.6
0.5864 10417.5
0.5868 10419.4
0.5872 10421.3
0.5876 10423.2
0.588 10425.1
0.5884 10426.9
0.5888 10428.7
0.5892 10430.6
0.5896 10432.4
0.59 10434.1
0.5904 10437.1
0.5908 10440.1
0.5912 10443
0.5916 10446
0.592 10448.9
0.5924 10451.8
0.5928 10454.7
0.5932 10457.6
0.5936 10460.5
0.594 10463.3
0.5944 10466.2
0.5948 10469
0.5952 10471.8
0.5956 10474.6
0.596 10477.4
0.5964 10480.1
0.5968 10482.9
0.5972 10485.6
0.5976 10488.3
0.598 10491
0.5984 10492.5
0.5988 10493.9
0.5992 10495.4
0.5996 10496.8
0.6 10498.2
0.6004 10499.5
0.6008 10500.9
0.6012 10502.2
0.6016 10503.6
0.602 10504.9
0.6024 10507.4
0.6028 10509.9
0.6032 10512.4
0.6036 10514.9
0.604 10517.3
0.6044 10519.8
0.6048 10522.2
0.6052 10524.6
0.6056 10527
0.606 10529.4
0.6064 10530.5
0.6068 10531.6
0.6072 10532.7
0.6076 10533.8
0.608 10534.8
0.6084 10535.9
0.6088 10536.9
0.6092 10537.9
0.6096 10538.8
0.61 10539.8
0.6104 10542
0.6108 10544.2
0.6112 10546.3
0.6116 10548.5
0.612 10550.6
0.6124 10552.7
0.6128 10554.8
0.6132 10556.9
0.6136 10558.9
0.614 10561
0.6144 10563
0.6148 10565
0.6152 10567
0.6156 10568.9
0.616 10570.9
0.6164 10572.8
0.6168 10574.7
0.6172 10576.6
0.6176 10578.5
0.618 10580.4
0.6184 10582.2
0.6188 10584.1
0.6192 10585.9
0.6196 10587.7
0.62 10589.4
0.6204 10591.2
0.6208 10592.9
0.6212 10594.7
0.6216 10596.4
0.622 10598.1
0.6224 10601
0.6228 10603.9
0.6232 10606.8
0.6236 10609.7
0.624 10612.6
0.6244 10615.5
0.6248 10618.3
0.6252 10621.2
0.6256 10624
0.626 10626.8
0.6264 10628.3
0.6268 10629.7
0.6272 10631.2
0.6276 10632.6
0.628 10634
0.6284 10635.4
0.6288 10636.8
0.6292 10638.2
0.6296 10639.5
0.63 10640.9
0.6304 10642.2
0.6308 10643.4
0.6312 10644.7
0.6316 10646
0.632 10647.2
0.6324 10648.4
0.6328 10649.6
0.6332 10650.8
0.6336 10651.9
0.634 10653
0.6344 10654.2
0.6348 10655.3
0.6352 10656.3
0.6356 10657.4
0.636 10658.4
0.6364 10659.4
0.6368 10660.4
0.6372 10661.4
0.6376 10662.4
0.638 10663.3
0.6384 10664.2
0.6388 10665.1
0.6392 10666
0.6396 10666.9
0.64 10667.7
0.6404 10668.5
0.6408 10669.3
0.6412 10670.1
0.6416 10670.9
0.642 10671.6
0.6424 10673.7
0.6428 10675.7
0.6432 10677.7
0.6436 10679.7
0.644 10681.6
0.6444 10683.6
0.6448 10685.5
0.6452 10687.4
0.6456 10689.3
0.646 10691.2
0.6464 10691.7
0.6468 10692.2
0.6472 10692.7
0.6476 10693.2
0.648 10693.6
0.6484 10694.1
0.6488 10694.5
0.6492 10694.9
0.6496 10695.2
0.65 10695.6
0.6504 10695.9
0.6508 10696.2
0.6512 10696.5
0.6516 10696.8
0.652 10697
0.6524 10697.2
0.6528 10697.4
0.6532 10697.6
0.6536 10697.8
0.654 10697.9
0.6544 10699.4
0.6548 10700.8
0.6552 10702.2
0.6556 10703.6
0.656 10705
0.6564 10706.4
0.6568 10707.7
0.6572 10709.1
0.6576 10710.4
0.658 10711.7
0.6584 10711.6
0.6588 10711.5
0.6592 10711.4
0.6596 10711.2
0.66 10711.1
0.6604 10710.9
0.6608 10710.7
0.6612 10710.5
0.6616 10710.2
0.662 10709.9
0.6624 10709.7
0.6628 10709.3
0.6632 10709
0.6636 10708.7
0.664 10708.3
0.6644 10707.9
0.6648 10707.5
0.6652 10707
0.6656 10706.6
0.666 10706.1
0.6664 10707
0.6668 10707.8
0.6672 10708.7
0.6676 10709.5
0.668 10710.3
0.6684 10711
0.6688 10711.8
0.6692 10712.5
0.6696 10713.2
0.67 10713.9
0.6704 10713.2
0.6708 10712.5
0.6712 10711.8
0.6716 10711
0.672 10710.2
0.6724 10709.4
0.6728 10708.6
0.6732 10707.7
0.6736 10706.8
0.674 10706
0.6744 10705
0.6748 10704.1
0.6752 10703.1
0.6756 10702.2
0.676 10701.2
0.6764 10700.1
0.6768 10699.1
0.6772 10698
0.6776 10697
0.678 10695.9
0.6784 10696.1
0.6788 10696.4
0.6792 10696.6
0.6796 10696.8
0.68 10697
0.6804 10697.1
0.6808 10697.3
0.6812 10697.4
0.6816 10697.5
0.682 10697.6
0.6824 10696.3
0.6828 10694.9
0.6832 10693.6
0.6836 10692.2
0.684 10690.7
0.6844 10689.3
0.6848 10687.9
0.6852 10686.4
0.6856 10684.9
0.686 10683.3
0.6864 10683.2
0.6868 10683
0.6872 10682.9
0.6876 10682.7
0.688 10682.5
0.6884 10682.2
0.6888 10682
0.6892 10681.7
0.6896 10681.4
0.69 10681.1
0.6904 10680.8
0.6908 10680.4
0.6912 10680
0.6916 10679.7
0.692 10679.3
0.6924 10678.8
0.6928 10678.4
0.6932 10677.9
0.6936 10677.4
0.694 10676.9
0.6944 10676.4
0.6948 10675.8
0.6952 10675.3
0.6956 10674.7
0.696 10674.1
0.6964 10673.5
0.6968 10672.8
0.6972 10672.2
0.6976 10671.5
0.698 10670.8
0.6984 10670
0.6988 10669.3
0.6992 10668.6
0.6996 10667.8
0.7 10667
0.7004 10666.2
0.7008 10665.3
0.7012 10664.5
0.7016 10663.6
0.702 10662.7
0.7024 10661.8
0.7028 10660.9
0.7032 10659.9
0.7036 10658.9
0.704 10658
0.7044 10656.9
0.7048 10655.9
0.7052 10654.9
0.7056 10653.8
0.706 10652.7
0.7064 10650.2
0.7068 10647.6
0.7072 10645
0.7076 10642.4
0.708 10639.7
0.7084 10637.1
0.7088 10634.4
0.7092 10631.7
0.7096 10629
0.71 10626.3
0.7104 10624.9
0.7108 10623.6
0.7112 10622.3
0.7116 10620.9
0.712 10619.6
0.7124 10618.2
0.7128 10616.8
0.7132 10615.3
0.7136 10613.9
0.714 10612.4
0.7144 10610.9
0.7148 10609.4
0.7152 10607.9
0.7156 10606.3
0.716 10604.8
0.7164 10603.2
0.7168 10601.6
0.7172 10600
0.7176 10598.3
0.718 10596.7
0.7184 10595
0.7188 10593.3
0.7192 10591.6
0.7196 10589.9
0.72 10588.2
0.7204 10586.4
0.7208 10584.6
0.7212 10582.8
0.7216 10581
0.722 10579.2
0.7224 10577.3
0.7228 10575.4
0.7232 10573.6
0.7236 10571.6
0.724 10569.7
0.7244 10567.8
0.7248 10565.8
0.7252 10563.8
0.7256 10561.8
0.726 10559.8
0.7264 10557.8
0.7268 10555.8
0.7272 10553.7
0.7276 10551.6
0.728 10549.5
0.7284 10547.4
0.7288 10545.2
0.7292 10543.1
0.7296 10540.9
0.73 10538.7
0.7304 10536.5
0.7308 10534.3
0.7312 10532.1
0.7316 10529.8
0.732 10527.5
0.7324 10525.2
0.7328 10522.9
0.7332 10520.6
0.7336 10518.3
0.734 10515.9
0.7344 10513.5
0.7348 10511.1
0.7352 10508.7
0.7356 10506.3
0.736 10503.8
0.7364 10501.4
0.7368 10498.9
0.7372 10496.4
0.7376 10493.9
0.738 10491.4
0.7384 10490.3
0.7388 10489.3
0.7392 10488.2
0.7396 10487.1
0.74 10486.1
0.7404 10484.9
0.7408 10483.8
0.7412 10482.7
0.7416 10481.5
0.742 10480.4
0.7424 10477.7
0.7428 10475
0.7432 10472.2
0.7436 10469.5
0.744 10466.7
0.7444 10463.9
0.7448 10461.1
0.7452 10458.3
0.7456 10455.5
0.746 10452.7
0.7464 10451.3
0.7468 10450
0.7472 10448.6
0.7476 10447.2
0.748 10445.9
0.7484 10444.5
0.7488 10443.1
0.7492 10441.6
0.7496 10440.2
0.75 10438.7
0.7504 10435.7
0.7508 10432.7
0.7512 10429.7
0.7516 10426.6
0.752 10423.5
0.7524 10420.5
0.7528 10417.4
0.7532 10414.2
0.7536 10411.1
0.754 10408
0.7544 10404.8
0.7548 10401.6
0.7552 10398.4
0.7556 10395.2
0.756 10392
0.7564 10388.8
0.7568 10385.5
0.7572 10382.3
0.7576 10379
0.758 10375.7
0.7584 10372.4
0.7588 10369.1
0.7592 10365.8
0.7596 10362.4
0.76 10359.1
0.7604 10355.7
0.7608 10352.3
0.7612 10348.9
0.7616 10345.5
0.762 10342
0.7624 10340.2
0.7628 10338.3
0.7632 10336.4
0.7636 10334.4
0.764 10332.5
0.7644 10330.6
0.7648 10328.6
0.7652 10326.6
0.7656 10324.7
0.766 10322.7
0.7664 10319.1
0.7668 10315.5
0.7672 10311.9
0.7676 10308.3
0.768 10304.7
0.7684 10301
0.7688 10297.4
0.7692 10293.7
0.7696 10290
0.77 10286.4
0.7704 10284.2
0.7708 10282.1
0.7712 10280
0.7716 10277.8
0.772 10275.6
0.7724 10273.5
0.7728 10271.3
0.7732 10269.1
0.7736 10266.9
0.774 10264.6
0.7744 10260.8
0.7748 10257
0.7752 10253.1
0.7756 10249.3
0.776 10245.4
0.7764 10241.5
0.7768 10237.6
0.7772 10233.7
0.7776 10229.8
0.778 10225.9
0.7784 10223.5
0.7788 10221.2
0.7792 10218.8
0.7796 10216.4
0.78 10214.1
0.7804 10211.7
0.7808 10209.3
0.7812 10206.8
0.7816 10204.4
0.782 10202
0.7824 10197.9
0.7828 10193.9
0.7832 10189.8
0.7836 10185.7
0.784 10181.6
0.7844 10177.5
0.7848 10173.4
0.7852 10169.3
0.7856 10165.2
0.786 10161
0.7864 10158.5
0.7868 10155.9
0.7872 10153.4
0.7876 10150.8
0.788 10148.2
0.7884 10145.6
0.7888 10143
0.7892 10140.4
0.7896 10137.8
0.79 10135.2
0.7904 10131
0.7908 10126.7
0.7912 10122.4
0.7916 10118.2
0.792 10113.9
0.7924 10109.6
0.7928 10105.3
0.7932 10100.9
0.7936 10096.6
0.794 10092.3
0.7946 10087.4
0.7952 10082.5
0.7958 10077.5
0.7964 10072.6
0.797 10067.6
0.7976 10062.6
0.7982 10057.6
0.7988 10052.6
0.7994 10047.6
0.8 10042.5
0.801 10034.6
0.802 10026.7
0.803 10018.7
0.804 10010.6
0.805 10002.5
0.806 9994.41
0.807 9986.25
0.808 9978.04
0.809 9969.8
0.81 9961.53
0.811 9953.22
0.812 9944.87
0.813 9936.49
0.814 9928.08
0.815 9919.63
0.816 9911.16
0.817 9902.65
0.818 9894.12
0.819 9885.56
0.82 9876.97
0.821 9866.66
0.822 9856.33
0.823 9845.97
0.824 9835.59
0.825 9825.17
0.826 9814.73
0.827 9804.27
0.828 9793.78
0.829 9783.27
0.83 9772.74
0.831 9763.89
0.832 9755.03
0.833 9746.14
0.834 9737.25
0.835 9728.35
0.836 9719.43
0.837 9710.5
0.838 9701.55
0.839 9692.6
0.84 9683.64
0.841 9674.68
0.842 9665.7
0.843 9656.72
0.844 9647.74
0.845 9638.75
0.846 9629.75
0.847 9620.76
0.848 9611.76
0.849 9602.77
0.85 9593.77
0.851 9584.77
0.852 9575.77
0.853 9566.78
0.854 9557.8
0.855 9548.81
0.856 9539.83
0.857 9530.86
0.858 9521.89
0.859 9512.93
0.86 9503.99
0.861 9495.05
0.862 9486.12
0.863 9477.2
0.864 9468.29
0.865 9459.4
0.866 9450.52
0.867 9441.66
0.868 9432.81
0.869 9423.97
0.87 9415.14
0.871 9406.34
0.872 9397.57
0.873 9388.8
0.874 9380.06
0.875 9371.33
0.876 9362.62
0.877 9353.94
0.878 9345.29
0.879 9336.65
0.88 9328.04
0.881 9321.26
0.882 9314.51
0.883 9307.78
0.884 9301.1
0.885 9294.45
0.886 9287.82
0.887 9281.23
0.888 9274.67
0.889 9268.14
0.89 9261.65
0.891 9253.37
0.892 9245.13
0.893 9236.9
0.894 9228.72
0.895 9220.56
0.896 9212.44
0.897 9204.37
0.898 9196.32
0.899 9188.31
0.9 9180.33
0.901 9174.23
0.902 9168.19
0.903 9162.19
0.904 9156.23
0.905 9150.31
0.906 9144.44
0.907 9138.6
0.908 9132.82
0.909 9127.08
0.91 9121.39
0.911 9113.88
0.912 9106.4
0.913 9098.96
0.914 9091.57
0.915 9084.24
0.916 9076.94
0.917 9069.69
0.918 9062.48
0.919 9055.31
0.92 9048.18
0.921 9043.01
0.922 9037.89
0.923 9032.81
0.924 9027.78
0.925 9022.8
0.926 9017.87
0.927 9013.01
0.928 9008.2
0.929 9003.44
0.93 8998.73
0.931 8994.07
0.932 8989.46
0.933 8984.92
0.934 8980.43
0.935 8976
0.936 8971.62
0.937 8967.29
0.938 8963.01
0.939 8958.8
0.94 8954.64
0.941 8950.55
0.942 8946.5
0.943 8942.51
0.944 8938.57
0.945 8934.69
0.946 8930.88
0.947 8927.13
0.948 8923.42
0.949 8919.78
0.95 8916.19
0.951 8912.65
0.952 8909.19
0.953 8905.78
0.954 8902.43
0.955 8899.13
0.956 8895.88
0.957 8892.7
0.958 8889.58
0.959 8886.53
0.96 8883.52
0.961 8882.55
0.962 8881.63
0.963 8880.77
0.964 8879.99
0.965 8879.28
0.966 8878.62
0.967 8878.02
0.968 8877.48
0.969 8877
0.97 8876.59
0.971 8876.25
0.972 8875.96
0.973 8875.74
0.974 8875.57
0.975 8875.47
0.976 8875.43
0.977 8875.46
0.978 8875.54
0.979 8875.69
0.98 8875.89
0.981 8876.16
0.982 8876.48
0.983 8876.88
0.984 8877.33
0.985 8877.85
0.986 8878.41
0.987 8879.04
0.988 8879.73
0.989 8880.48
0.99 8881.3
0.991 8894.37
0.992 8907.52
0.993 8920.76
0.994 8934.07
0.995 8947.48
0.996 8960.97
0.997 8974.54
0.998 8988.19
0.999 9001.92
1 9015.72
1.002 9028.43
1.004 8849.49
1.006 8906.1
1.008 9122.43
1.01 9158.24
1.012 9040.2
1.014 9010.17
1.016 9013.85
1.018 9034.1
1.02 9057.5
1.022 9119.85
1.024 9099.27
1.026 9114.7
1.028 9139.11
1.03 9116
1.032 9091
1.034 9100.3
1.036 9217.59
1.038 9143.94
1.04 9290.58
1.042 9353.1
1.044 9357.69
1.046 9265.43
1.048 9271.08
1.05 9269.9
1.052 9199.13
1.054 9194
1.056 9222.91
1.058 9176.93
1.06 9228.13
1.08 9174.08
1.1 9073.99
1.12 8957.48
1.14 8843.88
1.16 8747.93
1.18 8676.09
1.2 8630.43
1.22 8611.82
1.24 8620.98
1.26 8658.48
1.28 8671.4
1.3 8679.46
1.32 8583.34
1.34 8355.76
1.36 8210.56
1.38 8065.41
1.4 7884.78
1.42 7721.11
1.44 7610.63
1.46 7502.78
1.48 7443.09
1.5 7412.27
1.52 7379.25
1.54 7323.76
1.56 7231.23
1.58 7157.62
1.6 7134.02
1.62 7102.21
1.64 6992.96
1.66 6812.02
1.68 6651.35
1.7 6509.34
1.72 6278.64
1.74 6064.42
1.76 5805.58
1.78 5571.59
1.8 5357.04
1.82 5159.97
1.84 4978.51
1.86 4805.48
1.88 4709.93
1.9 4637.85
1.92 4509.04
1.94 4375.47
1.96 4255.67
1.98 4149.76
2 4083.89
2.02 4038.9
2.04 4006.04
2.06 3964.22
2.08 3928.81
2.1 3893.96
2.12 3849.85
2.14 3774.58
2.16 3709.41
2.18 3638.11
2.2 3552.98
2.22 3453.15
2.24 3357.5
2.26 3279.62
2.28 3119.4
2.3 2936.1
2.32 2796.97
2.34 2688.4
2.36 2594.63
2.38 2535.77
2.4 2483.04
2.42 2437.46
2.44 2367.7
2.46 2294.42
2.48 2215.67
2.5 2121.08
2.52 2056.64
2.54 2041.63
2.56 2131.31
