0.1005 915.122
0.1015 885.916
0.1025 387.679
0.1035 615.47
0.1045 1218.56
0.1055 1215.52
0.1065 962.336
0.1075 1163.03
0.1085 911.728
0.1095 1240.61
0.1105 1211.51
0.1115 1170.04
0.1125 1072.74
0.1135 1380.19
0.1145 1256.69
0.1155 1360.24
0.1165 1423.43
0.1175 1007.83
0.1185 1390.75
0.1195 907.702
0.1205 654.143
0.1215 440.28
0.1225 925.508
0.1235 1478.84
0.1245 1662.16
0.1255 1592.44
0.1265 1332.59
0.1275 1810.33
0.1285 1926.01
0.1295 1506.32
0.1305 1474
0.1315 1900.73
0.1325 1833.61
0.1335 1599.36
0.1345 1966.73
0.1355 1904.24
0.1365 1688.41
0.1375 1806.19
0.1385 1837.83
0.1395 1638.04
0.1405 1704.43
0.1415 1710.82
0.1425 1780.01
0.1435 1759.17
0.1442 1874.95
0.1447 1920.1
0.1455 1865.64
0.1465 1718.53
0.1475 1713.12
0.1485 1760.08
0.1495 1807.54
0.1505 1717.37
0.1512 1521.66
0.1517 1646.52
0.1525 1578.15
0.1535 1372.77
0.1545 1551.29
0.1555 1457.48
0.1565 1470.48
0.1575 1569.52
0.1585 1661.4
0.1595 1706.16
0.1605 1668.38
0.1615 1681.59
0.1625 1580.65
0.1635 1691.02
0.1645 1724.29
0.1655 1575.23
0.1665 1743.34
0.1672 1532.18
0.1677 1743.22
0.1685 1840.56
0.1695 1724.54
0.1705 1649.56
0.1715 1558.64
0.1725 1549.7
0.1735 1654.4
0.1745 1612.25
0.1755 1731.56
0.1765 1563.08
0.1775 1615.23
0.1785 1640.92
0.1795 1758.51
0.1805 1736.87
0.1815 1599.98
0.1825 1627.87
0.1835 1555.81
0.1845 1422.86
0.1855 1424.11
0.1865 1467.52
0.1875 1596.25
0.1885 1466.84
0.1895 1407.5
0.1905 1483.51
0.1915 1430.13
0.1925 1405.18
0.1935 1437.21
0.1945 1501.11
0.1955 1406.65
0.1967 1540.93
0.1976 1580.12
0.1984 1492.03
0.1995 1445.85
0.2005 1486.87
0.2015 1428.76
0.2025 1499.35
0.2035 1422.85
0.2045 1483.28
0.2055 1417.74
0.2065 1421.04
0.2074 1519.97
0.2078 1456.53
0.2085 1511.08
0.2095 1427.08
0.2105 1431.45
0.2115 1445.62
0.2125 1466.03
0.2135 1351.43
0.2145 1398.86
0.2155 1450.43
0.2165 1399.33
0.2175 1384.32
0.2185 1365.31
0.2195 1432.74
0.2205 1388.05
0.2215 1313.31
0.2225 1275.18
0.2235 1382.28
0.2245 1320.66
0.2255 1268.14
0.2265 1303.5
0.2275 1350.2
0.2285 1399.93
0.2295 1327.16
0.2305 1333.47
0.2315 1274.46
0.2325 1000.61
0.2335 1191.23
0.2345 1151.53
0.2355 1266.94
0.2365 1157.1
0.2375 1205.29
0.2385 1114.11
0.2395 1203.34
0.2405 1156.55
0.2415 1193.34
0.2425 1282.63
0.2435 1236.16
0.2445 1322.32
0.2455 1306.91
0.2465 1301.07
0.2475 1254.17
0.2485 1290.55
0.2495 1232.72
0.2505 1378.33
0.2513 1219.58
0.2518 1251.54
0.2525 1197.4
0.2535 1224.52
0.2545 1209.25
0.2555 1316.82
0.2565 1279.52
0.2575 1367.05
0.2585 1351.8
0.2595 1335.18
0.2605 1286.47
0.2615 1271.06
0.2625 1342.23
0.2635 1406.87
0.2645 1546.76
0.2655 1605.03
0.2665 1433.41
0.2675 1511.95
0.2685 1523.37
0.2695 1437.96
0.2705 1498.12
0.2715 1407.01
0.2725 1397
0.2735 1484.87
0.2745 1273.51
0.2755 1316.22
0.2765 1383.46
0.2775 1453.09
0.2785 1358.38
0.2795 1084.73
0.2805 1171.68
0.2815 1450.82
0.2825 1548.66
0.2835 1491.59
0.2845 1433.9
0.2855 1366.49
0.2865 1544.14
0.2875 1574.41
0.2885 1562.96
0.2895 1579.81
0.291 1749.04
0.293 1673.43
0.295 1646.49
0.297 1684.73
0.299 1696.59
0.301 1726.3
0.303 1740.05
0.305 1752.42
0.307 1778.71
0.309 1791.73
0.311 1820.49
0.313 1793.85
0.315 1806.41
0.317 1836.65
0.319 1737.46
0.321 1819.93
0.323 1725.48
0.325 1891.12
0.327 1992.01
0.329 1981.26
0.331 1968.31
0.333 1970.54
0.335 1945.42
0.337 1811.43
0.339 1868.64
0.341 1891.54
0.343 1911.8
0.345 1945.79
0.347 1959.28
0.349 2028.74
0.351 2087.25
0.353 2015.3
0.355 2135.78
0.357 1888.25
0.359 1887.15
0.361 2023.24
0.363 2066.91
0.364 2096.49
0.365 2229.85
0.367 2244.2
0.369 2080.5
0.371 2247.11
0.373 2019.23
0.375 2380.23
0.377 2627.18
0.379 2940.44
0.381 3166.15
0.383 2426.56
0.385 3188.22
0.387 3407.04
0.389 2656.59
0.391 3707.92
0.393 2864.2
0.395 3470.59
0.397 2255.2
0.399 3973.77
0.401 4331.4
0.403 4322.58
0.405 4275.83
0.407 4119.65
0.409 4035.37
0.411 3515.69
0.413 4223.54
0.415 4328.37
0.417 4349.23
0.419 4326.26
0.421 4359.16
0.423 4261.98
0.425 4363.56
0.427 4208.02
0.429 4123.08
0.431 3791.9
0.433 3970.43
0.435 3708.37
0.437 4588.28
0.439 4389.99
0.441 4517.56
0.443 4651.28
0.445 4700.67
0.447 4836.05
0.449 4888.94
0.451 5290.5
0.453 4887.78
0.455 4983.34
0.457 5257.37
0.459 5061.76
0.461 5172.19
0.463 5062.86
0.465 5136.02
0.467 5266.64
0.469 5185.69
0.471 5040.97
0.473 5227.17
0.475 5334.77
0.477 5310.11
0.479 5307.37
0.481 5270.85
0.483 5332.08
0.485 4799.3
0.487 4250.65
0.489 5165.45
0.491 5243.63
0.493 5173.34
0.495 5372.63
0.497 5327.89
0.499 5059.56
0.501 4852.9
0.503 5085.53
0.505 5061.77
0.507 5249.63
0.509 5048.62
0.511 5142.65
0.513 5007.87
0.515 4877.85
0.517 4653.6
0.519 4756
0.521 4992.16
0.523 5211.79
0.525 5381.15
0.527 4911.94
0.529 5431.35
0.531 5655.36
0.533 5165.95
0.535 5539.55
0.537 5522.83
0.539 5430.75
0.541 5359.74
0.543 5439.45
0.545 5586.14
0.547 5482.75
0.549 5521.9
0.551 5478
0.553 5613.5
0.555 5682.15
0.557 5595.9
0.559 5505.6
0.561 5668.68
0.563 5636.59
0.565 5695.93
0.567 5587.69
0.569 5739.56
0.571 5597.26
0.573 5972.95
0.575 5790.08
0.577 5853.84
0.579 5679.05
0.581 5874.14
0.583 6016.27
0.585 5873.81
0.587 5876.87
0.589 5421.41
0.591 5827.63
0.593 5861.14
0.595 5867.07
0.597 5959.61
0.599 5875.21
0.601 5818.05
0.603 5949.46
0.605 6046.5
0.607 6041.81
0.609 5867.21
0.611 5893.57
0.613 5642.32
0.615 5760.71
0.617 5557.31
0.619 5848.52
0.621 5813.32
0.623 5669.24
0.625 5509.59
0.627 5756.61
0.629 5848.03
0.631 5720.05
0.633 5800.67
0.635 5804.24
0.637 5789.23
0.639 5896.47
0.641 5799.53
0.643 5862.44
0.645 5831.97
0.647 5838.79
0.649 5736.24
0.651 5905.12
0.653 5885.34
0.655 5648.52
0.657 5188.86
0.659 5809.31
0.661 5919.06
0.663 5894.63
0.665 5908.54
0.667 5802.36
0.669 5897.46
0.671 5716.37
0.673 5858.47
0.675 5777.87
0.677 5818.58
0.679 5764.8
0.681 5797.6
0.683 5862.22
0.685 5740.17
0.687 5832.72
0.689 5913.72
0.691 5902.81
0.693 5871.59
0.695 5868.36
0.697 5937.87
0.699 5922.43
0.701 5837.61
0.703 5960.4
0.705 6001.92
0.707 5862.92
0.709 5731.29
0.711 5619.47
0.713 5535.9
0.715 5538.97
0.717 5600.26
0.719 5486.45
0.721 5614.77
0.723 5718.51
0.725 5763.8
0.727 5800.82
0.729 5719.4
0.731 5866.68
0.733 5899.76
0.735 5958.53
0.737 6094.6
0.739 5995.26
0.741 5994.28
0.743 6131.26
0.745 6147.76
0.747 6238.03
0.749 6232.97
0.751 6310.67
0.753 6406.18
0.755 6458.27
0.757 6440.21
0.759 6342.64
0.761 6257.7
0.763 6163.37
0.765 6068.47
0.767 5830.45
0.769 5970.69
0.771 5878.77
0.773 5903
0.775 5873.26
0.777 5942.57
0.779 6012.14
0.781 6013.97
0.783 5974.81
0.785 5912.58
0.787 6014.48
0.789 5938.12
0.791 5824.55
0.793 5857.71
0.795 5821.69
0.797 6016.85
0.799 6027.31
0.801 6088.91
0.803 6113.43
0.805 6123.99
0.807 6200.13
0.809 6140.33
0.811 6212.02
0.813 6378.42
0.815 6446.18
0.817 6509.44
0.819 6354.15
0.821 6283.84
0.823 6332.61
0.825 6343.22
0.827 6425.82
0.829 6373.97
0.831 6177.01
0.833 6158.02
0.835 6167.95
0.837 6211.9
0.839 6036.71
0.841 6222.04
0.843 5967.58
0.845 5868.88
0.847 5877.85
0.849 5955.82
0.851 5688.17
0.853 5988.84
0.855 5536.15
0.857 6186.13
0.859 6060.9
0.861 6125
0.863 6334.69
0.865 6334.29
0.867 5709.52
0.869 6227.33
0.871 6464.23
0.873 6494.27
0.875 6305.9
0.877 6549.49
0.879 6671.64
0.881 6564.02
0.883 6635.34
0.885 6573.27
0.887 6258.46
0.889 6510.04
0.891 6628.18
0.893 6518.6
0.895 6548.79
0.897 6579.05
0.899 6578.05
0.901 6257.82
0.903 6554.9
0.905 6842.69
0.907 6847.28
0.909 6714.57
0.911 6819.29
0.913 6956.21
0.915 6923.62
0.917 6922.77
0.919 6996.57
0.921 6717.64
0.923 6448.15
0.925 6564.18
0.927 6659.12
0.929 6619.53
0.931 6682.45
0.933 6696.8
0.935 6689.44
0.937 6594.92
0.939 6712.6
0.941 6568.43
0.943 6763.11
0.945 6673.18
0.947 6830.29
0.949 6850.21
0.951 6743.17
0.953 6740.75
0.955 6505.32
0.957 6707.9
0.959 6889
0.961 6808.49
0.963 6850.61
0.965 6758.37
0.967 6761.15
0.969 6882.04
0.971 6806.03
0.973 6757.89
0.975 6737.82
0.977 6780
0.979 6702.92
0.981 6870.42
0.983 6815.94
0.985 6869.83
0.987 6832.2
0.989 6834.56
0.991 6796.6
0.993 6844.9
0.995 6864.47
0.997 6878.26
0.999 6863.05
1.003 6814.81
1.007 6730.89
1.013 6882.76
1.017 6833.17
1.022 6872.69
1.028 6913.04
1.032 6838.05
1.038 6823.55
1.043 6874.59
1.048 6810.18
1.052 6799.53
1.058 6721.57
1.063 6697.77
1.068 6630.04
1.072 6679.78
1.078 6654.57
1.082 6578.73
1.087 6577.56
1.092 6519.03
1.098 6516.59
1.102 6540.33
1.108 6498.73
1.113 6495.74
1.117 6459.41
1.122 6480.5
1.128 6412.96
1.133 6423.62
1.138 6406.37
1.143 6358.2
1.147 6448.38
1.153 6449.97
1.157 6391.05
1.162 6318.79
1.167 6331.77
1.173 6393.61
1.177 6277.34
1.183 6254.38
1.187 6174.2
1.192 6288.83
1.198 6112.46
1.203 6235.76
1.207 6191.31
1.212 6213.44
1.218 6249.14
1.223 6226.51
1.227 6195.56
1.232 6171.45
1.237 6174.97
1.243 6125.5
1.248 6127.67
1.253 6086.01
1.258 6083.99
1.262 6065.98
1.267 6028.93
1.272 6046.81
1.278 6057.52
1.283 5823.42
1.288 5986.74
1.292 5941.56
1.298 6019.66
1.302 5953.51
1.308 5996.13
1.313 5894.79
1.318 5894.27
1.323 5913.56
1.328 5831.79
1.332 5854.78
1.338 5812.77
1.343 5853.21
1.347 5819.01
1.352 5798.21
1.357 5732.97
1.363 5729.03
1.367 5761.73
1.373 5788.6
1.377 5783.1
1.382 5804.1
1.388 5769.64
1.393 5593.86
1.397 5577.45
1.402 5530.67
1.408 5590.31
1.412 5530.75
1.418 5601.2
1.423 5551.52
1.428 5483.12
1.433 5588.87
1.438 5638.44
1.442 5506.72
1.448 5625.51
1.452 5582.03
1.457 5628.33
1.462 5545.76
1.467 5534.05
1.472 5490.52
1.477 5536.61
1.483 5575.46
1.488 5531.16
1.492 5675.15
1.498 5635.34
1.503 5579.96
1.507 5588.68
1.512 5697.67
1.517 5728.84
1.522 5733.57
1.528 5786.35
1.533 5779.47
1.537 5791.88
1.543 5769.68
1.548 5795.56
1.552 5750.14
1.557 5603.22
1.562 5694.69
1.567 5664.69
1.572 5792.32
1.578 5482.7
1.583 5530.38
1.587 5489.99
1.593 5683.74
1.598 5606.01
1.605 5687.4
1.615 5762.24
1.625 5683.73
1.635 5818.43
1.645 5640
1.655 5775.21
1.665 5688.27
1.675 5657.26
1.685 5574.59
1.695 5638.2
1.705 5540.77
1.715 5501.57
1.725 5401.39
1.735 5267.48
1.745 5254.25
1.755 5190.61
1.765 5122.81
1.775 5021.97
1.785 4976.65
1.795 4885.68
1.805 4789.22
1.815 4710.36
1.825 4681.22
1.835 4645.05
1.845 4557.87
1.855 4535.16
1.865 4440.49
1.875 4342.35
1.885 4373.16
1.895 4235.7
1.905 4310.04
1.915 4251.47
1.925 4218.91
1.935 4127.32
1.945 4034.57
1.955 4056.45
1.965 4008.74
1.975 3932.8
1.985 3911.2
1.995 3883.43
2.005 3880.78
2.015 3847.46
2.025 3774.82
2.035 3750.93
2.045 3761.06
2.055 3716.2
2.065 3682.7
2.075 3665.59
2.085 3629.99
2.095 3582.91
2.105 3593.91
2.115 3547.11
2.125 3518.21
2.135 3519.89
2.145 3486.55
2.155 3450.26
2.165 3392.08
2.175 3373.66
2.185 3357.43
2.195 3334.58
2.205 3269.09
2.215 3285.2
2.225 3222.51
2.235 3200.65
2.245 3174.56
2.255 3153.32
2.265 3101.56
2.275 3106.01
2.285 3049.33
2.295 2628.19
2.305 2794.93
2.315 2788.21
2.325 2433.02
2.335 2603.48
2.345 2524.77
2.355 2274.32
2.365 2451.54
2.375 2372.24
2.385 2173.1
2.395 2310.16
2.405 2277.91
2.415 2103.67
2.425 2196.87
2.435 2157.85
2.445 2057.38
2.455 2037.29
2.465 2069.92
2.475 1994.96
2.485 1841.39
2.495 1843.01
2.505 1882.4
2.515 1767.23
2.525 1821.18
2.535 1823.97
2.545 1792.74
2.555 1789.4
2.565 1797.89
2.575 1821.35
2.585 1756.37
2.595 1776.73
2.605 1797.19
2.615 1764.62
2.625 1742.4
2.635 1759.75
2.645 1748
2.655 1734.57
2.665 1702.41
2.675 1738.32
2.685 1727.67
2.695 1684.03
2.705 1701.28
2.715 1688.65
2.725 1693.29
2.735 1658.21
2.745 1664.27
2.755 1660.74
2.765 1642.69
2.775 1618.01
2.785 1628.7
2.795 1629.68
2.805 1610.27
2.815 1590.51
2.825 1592.22
2.835 1585.51
2.845 1572.94
2.855 1561.88
2.865 1556.22
2.875 1541.62
2.885 1530.06
2.895 1523.09
2.905 1517.22
2.915 1509.24
2.925 1482.49
2.935 1489.95
2.945 1471.6
2.955 1466.32
2.965 1462.36
2.975 1448.65
2.985 1438.29
2.995 1429.74
3.005 1417.79
3.015 1418.5
3.025 1401.8
3.035 1387.95
3.045 1394.67
3.055 1380.12
3.065 1375.58
3.075 1369.92
3.085 1355.76
3.095 1356.95
3.105 1354.33
3.115 1334.29
3.125 1336.42
3.135 1328.03
3.145 1323.57
3.155 1321.01
3.165 1314.39
3.175 1322.23
3.185 1335.61
3.195 1364
3.21 1435.46
3.23 1622.54
3.25 1914.88
3.27 2237.1
3.29 2452.44
3.31 2447.74
3.33 2212.21
3.35 1862.91
3.37 1535.91
3.39 1314.56
3.41 1191.67
3.43 1138.03
3.45 1111.95
3.47 1095.56
3.49 1081.9
3.51 1069.64
3.53 1053.28
3.55 1042.02
3.57 1027.67
3.59 1013.92
3.61 1006.68
3.63 992.529
3.65 978.806
3.67 966.359
3.69 950.943
3.71 938.526
3.73 929.606
3.75 912.911
3.77 905.614
3.79 893.576
3.81 886.667
3.83 878.43
3.85 869.334
3.87 855.378
3.89 847.565
3.91 838.022
3.93 830.857
3.95 816.461
3.97 809.709
3.99 796.592
4.01 792.625
4.03 786.245
4.05 774.352
4.07 768.908
4.09 761.002
4.11 755.373
4.13 747.955
4.15 739.269
4.17 730.672
4.19 726.098
4.21 716.799
4.23 713.77
4.25 705.249
4.27 700.579
4.29 670.926
4.31 642.22
4.33 646.915
4.35 622.263
4.37 612.359
4.39 607.181
4.41 588.078
4.43 586.293
4.45 581.886
4.47 569.831
4.49 574.132
4.51 566.659
4.53 559.07
4.55 563.308
4.57 563.554
4.59 551.787
4.61 558.391
4.63 555.331
4.65 552.49
4.67 556.954
4.69 554.353
4.71 550.839
4.73 556.144
4.75 551.214
4.77 551.76
4.79 552.321
4.81 548.119
4.83 554.214
4.85 551.018
4.87 548.683
4.89 548.267
4.91 548.422
4.93 547.994
4.95 545.421
4.97 548.226
4.99 544.609
5.01 545.599
5.03 544.865
5.05 541.719
5.07 542.982
5.09 542.436
5.11 540.413
5.13 541.631
5.15 540.42
5.17 543.367
5.19 541.577
5.21 542.09
5.23 539.95
5.25 541.07
5.27 543.716
5.29 539.633
5.31 538.838
5.33 539.94
5.35 539.505
5.37 539.932
5.39 540.035
5.41 540.123
5.43 538.334
5.45 540.95
5.47 539.694
5.49 540.711
5.51 540.409
5.53 545.229
5.55 541.11
5.57 544.354
5.59 543.321
5.61 545.265
5.63 543.842
5.65 547.185
5.67 547.936
5.69 547.093
5.71 545.797
5.73 544.058
5.75 541.881
5.77 539.272
5.79 536.262
5.81 532.832
5.83 529.018
5.85 524.826
5.87 520.267
5.89 515.356
5.91 510.11
5.93 504.545
5.95 498.674
5.97 492.51
5.99 486.075
6.01 479.38
6.03 532.709
6.05 579.608
6.07 608.948
6.09 624.353
6.11 653.574
6.13 726.325
6.15 871.806
6.17 1106.13
6.19 1382.25
6.21 1608.73
6.23 1680.89
6.25 1673.25
6.27 1570.03
6.29 1408.04
6.31 1229.07
6.33 1048.51
6.35 920.782
6.37 834.234
6.39 774.647
6.42 698.644
6.46 601.107
6.5 524.543
6.54 526.848
6.58 531.971
6.62 575.323
6.66 583.921
6.7 570.656
6.74 541.74
6.78 615.147
6.82 549.682
6.86 574.307
6.9 623.208
6.94 671.684
6.98 694.925
7.02 865.608
7.06 711.683
7.1 702.15
7.14 768.007
7.18 767.363
7.22 799.175
7.26 817.062
7.3 903.163
7.34 950.882
7.38 1004.96
7.42 1176.74
7.46 1333.24
7.5 1509.75
7.54 1610.59
7.58 1811.25
7.62 1945.59
7.66 2022.5
7.7 1974.7
7.74 1925.05
7.78 1875.11
7.82 1862.78
7.86 1814.57
7.9 1730.02
7.94 1584.54
7.98 1434.43
8.02 1280.74
8.06 1161.52
8.1 1074.3
8.14 1031.03
8.18 970.434
8.22 914.089
8.26 881.945
8.3 886.116
8.34 904.365
8.38 896.174
8.42 898.557
8.46 909.45
8.5 942.115
8.54 986.695
8.58 1045.26
8.62 1072.14
8.66 1061.36
8.7 1000.89
8.74 899.381
8.78 788.29
8.82 666.391
8.86 584.466
8.9 523.979
8.94 484.672
8.98 442.244
9.02 403.323
9.06 374.121
9.1 348.05
9.14 325.401
9.18 312.887
9.22 307.976
9.26 309.566
9.3 311.714
9.34 307.692
9.38 296.018
9.42 306.853
9.46 305.285
9.5 276.527
9.54 279.958
9.58 290.453
9.62 298.642
9.66 306.411
9.7 312.532
9.74 309.764
9.78 295.697
9.82 277.361
9.82316 276.523
9.86 267.055
9.9 256.833
9.94 246.846
9.94788 245.66
9.98 241
10 238.143
10.0742 250.568
10.2021 260.205
10.3316 258.8
10.4628 297.467
10.5957 386.053
10.7302 386.033
10.8665 410.947
11 544.686
11.0044 550.716
11.1442 803.836
11.2857 1699.51
11.4289 1136.98
11.5741 774.266
11.721 643.341
11.8699 648.694
12 716.197
12.0206 716.133
12.1732 686.571
12.3278 766.718
12.4843 831.06
12.6428 970.451
12.8033 1346.51
12.9659 752.432
13 668.433
13.1305 584.179
13.2972 584.533
13.4661 572.758
13.6371 599.601
13.8102 540.809
13.9856 551.326
14 555.852
14.1631 537.957
14.343 545.543
14.5251 553.29
14.7095 561.203
14.8963 569.289
15 573.807
15.0854 577.486
15.277 585.783
15.471 594.253
15.6674 602.896
15.8663 611.716
16 617.683
16.0678 620.437
16.2718 628.759
16.4784 637.238
16.6876 645.874
16.8995 654.673
17 658.864
17.1141 663.62
17.3314 672.723
17.5515 682
17.7743 691.45
18 701.082
19 740.141
20 780.268
21 821.15
22 862.237
23 901.94
24 943.62
25 986.75
26 1031.04
27 1077.34
28 1126.15
30 1227.93
32 1333.33
34 1442.85
36 1564.74
38 1692.9
40 1840.26
42 2008.05
44 2183.51
46 2382.78
48 2594.88
50 2815.91
52 3058.94
54 3315.96
56 3583.82
58 3850.17
60 4095.91
62 4348.94
64 4609.59
66 4862.89
68 5093.68
70 5329.02
80 6453.11
90 7184.98
100 7509.6
110 7654.89
120 7528
130 7194.69
140 6655.99
150 6168.69
159.9 5606.25
300 1302.64
800 23.0344
1200 4.34446
1272 3.41844
1447 2.01149
1646 1.20568
1873 0.739674
2131 0.467965
2425 0.30855
2759 0.213646
3139 0.156172
3572 0.120494
4064 0.097473
4624 0.082045
5261 0.0711382
5986 0.0630727
6046 0.0585521
