0.1005 2740.08
0.1015 2753.41
0.1025 1919.95
0.1035 2340.97
0.1045 3364.25
0.1055 3300.1
0.1065 2822.78
0.1075 3157.66
0.1085 2765.31
0.1095 3304.01
0.1105 3206.51
0.1115 3141.81
0.1125 2864.54
0.1135 3421.04
0.1145 3225.42
0.1155 3353.46
0.1165 3405.09
0.1175 2541.8
0.1185 3328.52
0.1195 2718.31
0.1205 2268.8
0.1215 1930.26
0.1225 2729.13
0.1235 3467.97
0.1245 3671.09
0.1255 3559.63
0.1265 3290.51
0.1275 3874.94
0.1285 4006.08
0.1295 3377.97
0.1305 3389.29
0.1315 3986.96
0.1325 3852.38
0.1335 3547.04
0.1345 4001.83
0.1355 3915.53
0.1365 3606.89
0.1375 3712.21
0.1385 3721.29
0.1395 3211.58
0.1405 3312.95
0.1415 3509.19
0.1425 3551.27
0.1435 3572.71
0.1442 3710.15
0.1447 3746.4
0.1455 3650.71
0.1465 3418.91
0.1475 3425.57
0.1485 3460.79
0.1495 3484.1
0.1505 3311.6
0.1512 3016.67
0.1517 3171.29
0.1525 3104.21
0.1535 2751.2
0.1545 2874.01
0.1555 2769.45
0.1565 2863.14
0.1575 3023.98
0.1585 3139.25
0.1595 3186.12
0.1605 3150.33
0.1615 3155.6
0.1625 3043.82
0.1635 3210.54
0.1645 3252.77
0.1655 3085.3
0.1665 3281.55
0.1672 3010.27
0.1677 3318.77
0.1685 3399.94
0.1695 3233.84
0.1705 3137.18
0.1715 2990.67
0.1725 2966.29
0.1735 3106.86
0.1745 3038.76
0.1755 3169.62
0.1765 2969.47
0.1775 2977.7
0.1785 3016.1
0.1795 3149.04
0.1805 3127.2
0.1815 2899.59
0.1825 2948
0.1835 2847.02
0.1845 2641.87
0.1855 2636.7
0.1865 2688.6
0.1875 2851.5
0.1885 2639.74
0.1895 2529.73
0.1905 2660.07
0.1915 2556.43
0.1925 2496.67
0.1935 2567.49
0.1945 2642.07
0.1955 2475.56
0.1967 2663.99
0.1976 2728.86
0.1984 2594.04
0.1995 2532.65
0.2005 2598.78
0.2015 2528.7
0.2025 2621.44
0.2035 2484.76
0.2045 2558.11
0.2055 2449.4
0.2065 2466.31
0.2074 2614.48
0.2078 2483.52
0.2085 2566.01
0.2095 2442.87
0.2105 2466.45
0.2115 2481.59
0.2125 2505.35
0.2135 2372.22
0.2145 2393.73
0.2155 2467.56
0.2165 2407.29
0.2175 2385.02
0.2185 2344.79
0.2195 2424.68
0.2205 2371.57
0.2215 2282.11
0.2225 2227.69
0.2235 2338.84
0.2245 2276.72
0.2255 2213.99
0.2265 2260.43
0.2275 2307.15
0.2285 2357.91
0.2295 2249.55
0.2305 2274.26
0.2315 2199.94
0.2325 1846.28
0.2335 2100.08
0.2345 2067.38
0.2355 2184.67
0.2365 2069.73
0.2375 2113.02
0.2385 2013.99
0.2395 2111.46
0.2405 2054.2
0.2415 2092.02
0.2425 2184.94
0.2435 2123.11
0.2445 2220.74
0.2455 2202.06
0.2465 2193.09
0.2475 2137.99
0.2485 2176.76
0.2495 2036.31
0.2505 2250.95
0.2513 2075.38
0.2518 2128.33
0.2525 2066.92
0.2535 2089.45
0.2545 2060.67
0.2555 2174.06
0.2565 2134.9
0.2575 2226.46
0.2585 2207.94
0.2595 2187.13
0.2605 2134.51
0.2615 2113.12
0.2625 2182.72
0.2635 2240.01
0.2645 2378.89
0.2655 2428.65
0.2665 2248.28
0.2675 2328.06
0.2685 2336.76
0.2695 2240.92
0.2705 2292.96
0.2715 2202.71
0.2725 2196.94
0.2735 2283.03
0.2745 2061.35
0.2755 2100.25
0.2765 2163.28
0.2775 2239.5
0.2785 2146.07
0.2795 1850.23
0.2805 1946.84
0.2815 2227.65
0.2825 2312.5
0.2835 2239.13
0.2845 2189.78
0.2855 2125.5
0.2865 2294.31
0.2875 2311.61
0.2885 2301.47
0.2895 2307.11
0.291 2462.03
0.293 2386.61
0.295 2349.26
0.297 2381.27
0.299 2384.98
0.301 2402.88
0.303 2412.97
0.305 2417.07
0.307 2434.16
0.309 2437.54
0.311 2456.83
0.313 2424.32
0.315 2433.45
0.317 2449.41
0.319 2348.09
0.321 2421.95
0.323 2328.2
0.325 2471.31
0.327 2555.48
0.329 2541.06
0.331 2524.95
0.333 2518.42
0.335 2488.33
0.337 2364.3
0.339 2408.74
0.341 2425.16
0.343 2434.39
0.345 2459.18
0.347 2465.58
0.349 2521.82
0.351 2570.3
0.353 2501.37
0.355 2603.89
0.357 2376.53
0.359 2367.5
0.361 2483.38
0.363 2519.72
0.364 2544.9
0.365 2692
0.367 2694.29
0.369 2535.43
0.371 2714.66
0.373 2514.09
0.375 2904.54
0.377 3128.7
0.379 3460.76
0.381 3716.08
0.383 2962.16
0.385 3761.32
0.387 3984.09
0.389 3130.85
0.391 4243.33
0.393 3432.98
0.395 3999.45
0.397 2719.48
0.399 4452.68
0.401 4799.05
0.403 4777.36
0.405 4742.19
0.407 4574.8
0.409 4435.36
0.411 3875.84
0.413 4642.24
0.415 4751.92
0.417 4764.77
0.419 4743.58
0.421 4769.64
0.423 4672.63
0.425 4759.96
0.427 4606.43
0.429 4530.88
0.431 4207.24
0.433 4293.24
0.435 4000.22
0.437 4912.01
0.439 4735.89
0.441 4846.5
0.443 4961.56
0.445 5005.58
0.447 5114.75
0.449 5159.41
0.451 5528.58
0.453 5150.43
0.455 5228.36
0.457 5480.25
0.459 5292.82
0.461 5394.16
0.463 5282.88
0.465 5346.99
0.467 5460.58
0.469 5381.63
0.471 5233.33
0.473 5408.42
0.475 5508.05
0.477 5481.16
0.479 5473.2
0.481 5429.91
0.483 5475.92
0.485 4934.24
0.487 4372.16
0.489 5306.87
0.491 5384.11
0.493 5306.45
0.495 5491.98
0.497 5449.9
0.499 5197.63
0.501 4991.77
0.503 5214.9
0.505 5182.56
0.507 5358.84
0.509 5170.17
0.511 5248.33
0.513 5119.64
0.515 4993.92
0.517 4787.72
0.519 4881.73
0.521 5085.78
0.523 5282.77
0.525 5434.48
0.527 4999.56
0.529 5475.89
0.531 5672.57
0.533 5220.15
0.535 5559.67
0.537 5545.76
0.539 5453.12
0.541 5385.96
0.543 5454.11
0.545 5588.7
0.547 5489.86
0.549 5523.27
0.551 5476.59
0.553 5599.24
0.555 5659.83
0.557 5576.74
0.559 5492.86
0.561 5639.4
0.563 5604.98
0.565 5656.84
0.567 5553.15
0.569 5687.67
0.571 5555.41
0.573 5898.92
0.575 5724.45
0.577 5781.6
0.579 5614.53
0.581 5793.53
0.583 5921.82
0.585 5790.89
0.587 5786.97
0.589 5378.33
0.591 5740.44
0.593 5769.45
0.595 5769.68
0.597 5851.78
0.599 5774.58
0.601 5716.17
0.603 5837.51
0.605 5920.43
0.607 5915.48
0.609 5752.88
0.611 5771.77
0.613 5538.04
0.615 5640.58
0.617 5459.5
0.619 5722.29
0.621 5690.6
0.623 5552.86
0.625 5404.02
0.627 5629.05
0.629 5713.07
0.631 5593.58
0.633 5662.45
0.635 5659.82
0.637 5646.76
0.639 5741.94
0.641 5656.31
0.643 5710.34
0.645 5681.2
0.647 5683.13
0.649 5585.31
0.651 5739.3
0.653 5714.72
0.655 5478.16
0.657 5022.38
0.659 5639.42
0.661 5742
0.663 5721.87
0.665 5728.39
0.667 5632.42
0.669 5719.59
0.671 5552.33
0.673 5677.65
0.675 5601.79
0.677 5640.29
0.679 5585.62
0.681 5613.07
0.683 5673.72
0.685 5557.47
0.687 5640.32
0.689 5717.98
0.691 5701.08
0.693 5672.78
0.695 5666.68
0.697 5728.06
0.699 5716.25
0.701 5631.21
0.703 5743.28
0.705 5782.4
0.707 5650.27
0.709 5531.04
0.711 5421.4
0.713 5345.61
0.715 5346.73
0.717 5402.82
0.719 5296.47
0.721 5413.75
0.723 5507.05
0.725 5545.71
0.727 5577.46
0.729 5501.51
0.731 5636.5
0.733 5662.59
0.735 5715.46
0.737 5842.38
0.739 5749.55
0.741 5745.35
0.743 5869.53
0.745 5885.94
0.747 5963.3
0.749 5960.51
0.751 6029.22
0.753 6115.24
0.755 6168.1
0.757 6147.73
0.759 6057.27
0.761 5979.76
0.763 5890.65
0.765 5804.09
0.767 5583.12
0.769 5710.79
0.771 5625.94
0.773 5646.16
0.775 5618.18
0.777 5677.26
0.779 5744.12
0.781 5742.46
0.783 5706.54
0.785 5648.18
0.787 5738.25
0.789 5661.02
0.791 5557.76
0.793 5585.9
0.795 5550.53
0.797 5732.6
0.799 5741.81
0.801 5793.73
0.803 5818.57
0.805 5826.56
0.807 5892.54
0.809 5837.2
0.811 5897.49
0.813 6054.61
0.815 6117.59
0.817 6176.17
0.819 6033.11
0.821 5964.26
0.823 6011.37
0.825 6019.98
0.827 6095.4
0.829 6043.81
0.831 5858.95
0.833 5840.06
0.835 5848.02
0.837 5891.1
0.839 5727.56
0.841 5898.2
0.843 5662.22
0.845 5569.12
0.847 5574.78
0.849 5659.99
0.851 5401
0.853 5697.67
0.855 5281.29
0.857 5872.6
0.859 5745.4
0.861 5800.52
0.863 6009.95
0.865 6007.8
0.867 5428.98
0.869 5908.48
0.871 6133.23
0.873 6155.78
0.875 5956.34
0.877 6202.41
0.879 6320.97
0.881 6222.86
0.883 6286.23
0.885 6221.08
0.887 5909.74
0.889 6167.3
0.891 6278.39
0.893 6175.57
0.895 6206.03
0.897 6230.78
0.899 6224.33
0.901 5909.81
0.903 6193.64
0.905 6475.75
0.907 6478.35
0.909 6355.99
0.911 6453.91
0.913 6583.91
0.915 6550.27
0.917 6548.3
0.919 6614.56
0.921 6345.39
0.923 6074.25
0.925 6200.28
0.927 6292.35
0.929 6261.63
0.931 6320.24
0.933 6332.32
0.935 6322.47
0.937 6233.78
0.939 6343.44
0.941 6208.67
0.943 6389.52
0.945 6303.8
0.947 6452.6
0.949 6470.82
0.951 6365.35
0.953 6358.71
0.955 6119.7
0.957 6331.26
0.959 6501.82
0.961 6430.72
0.963 6465.12
0.965 6380.29
0.967 6384.13
0.969 6495.22
0.971 6423.88
0.973 6379.71
0.975 6360.52
0.977 6398.83
0.979 6324.12
0.981 6481.31
0.983 6427.81
0.985 6480.68
0.987 6443.58
0.989 6445.46
0.991 6412.06
0.993 6455.48
0.995 6473.3
0.997 6486.31
0.999 6468.66
1.003 6419.18
1.007 6334.93
1.013 6486.46
1.017 6436.46
1.022 6474.71
1.028 6515.22
1.032 6442.99
1.038 6427.6
1.043 6472.05
1.048 6413.31
1.052 6398.68
1.058 6328.33
1.063 6304.96
1.068 6237.96
1.072 6282.98
1.078 6260.65
1.082 6187.7
1.087 6185.55
1.092 6124
1.098 6125.71
1.102 6151.6
1.108 6109.87
1.113 6103.26
1.117 6071.94
1.122 6090.96
1.128 6026
1.133 6035.32
1.138 6019.67
1.143 5974.06
1.147 6058.01
1.153 6058.95
1.157 6002.37
1.162 5934.4
1.167 5945.78
1.173 6003.84
1.177 5894.02
1.183 5872.44
1.187 5795.41
1.192 5902.66
1.198 5738.77
1.203 5852.15
1.207 5811.15
1.212 5830.31
1.218 5864.11
1.223 5841.72
1.227 5812.24
1.232 5788.13
1.237 5791.63
1.243 5745.41
1.248 5746.32
1.253 5706.58
1.258 5703.94
1.262 5687.4
1.267 5651.58
1.272 5668.73
1.278 5676.89
1.283 5452.35
1.288 5609.94
1.292 5567.86
1.298 5639.86
1.302 5578.33
1.308 5617.77
1.313 5523.59
1.318 5522.26
1.323 5538.94
1.328 5461.15
1.332 5482.99
1.338 5442.8
1.343 5480.5
1.347 5448.94
1.352 5428.74
1.357 5366.57
1.363 5363.87
1.367 5392.87
1.373 5417.64
1.377 5412.28
1.382 5430.82
1.388 5399.44
1.393 5234.28
1.397 5218.83
1.402 5174.08
1.408 5230.35
1.412 5173.33
1.418 5238.86
1.423 5191.77
1.428 5128.09
1.433 5225.95
1.438 5273.23
1.442 5148.07
1.448 5259.6
1.452 5217.81
1.457 5261.68
1.462 5184.03
1.467 5172.11
1.472 5131.47
1.477 5173.96
1.483 5210.55
1.488 5169.21
1.492 5302.46
1.498 5264.48
1.503 5215.24
1.507 5220.59
1.512 5322.21
1.517 5350.85
1.522 5356.21
1.528 5404.47
1.533 5397.39
1.537 5411.47
1.543 5387.69
1.548 5413.93
1.552 5370.23
1.557 5226.46
1.562 5315.19
1.567 5287.9
1.572 5406.39
1.578 5117.17
1.583 5160.25
1.587 5120.69
1.593 5304.85
1.598 5229.81
1.605 5314.97
1.615 5383.33
1.625 5312.92
1.635 5435.46
1.645 5271.96
1.655 5394.95
1.665 5318.56
1.675 5286.89
1.685 5209.51
1.695 5269.2
1.705 5179.04
1.715 5142.91
1.725 5047.44
1.735 4921.08
1.745 4909.96
1.755 4850.17
1.765 4786.52
1.775 4691.72
1.785 4648.91
1.795 4563.27
1.805 4472.03
1.815 4398.51
1.825 4371.15
1.835 4337.26
1.845 4256.53
1.855 4233.13
1.865 4144.44
1.875 4053.02
1.885 4082.23
1.895 3953.84
1.905 4023.99
1.915 3970.81
1.925 3940.21
1.935 3854.37
1.945 3767.39
1.955 3789.92
1.965 3744.21
1.975 3673.89
1.985 3653.99
1.995 3627.25
2.005 3624.38
2.015 3593.59
2.025 3526.36
2.035 3504.31
2.045 3513.27
2.055 3472.31
2.065 3440.85
2.075 3425.64
2.085 3391.61
2.095 3348.61
2.105 3359.47
2.115 3315.62
2.125 3288.37
2.135 3291.76
2.145 3260.38
2.155 3226.83
2.165 3171.83
2.175 3153.08
2.185 3139.32
2.195 3118.22
2.205 3057.56
2.215 3071.43
2.225 3013.41
2.235 2992.64
2.245 2969.75
2.255 2950.17
2.265 2901.03
2.275 2906.49
2.285 2852.78
2.295 2457.26
2.305 2615.14
2.315 2607.78
2.325 2275.21
2.335 2435.94
2.345 2359.21
2.355 2125.69
2.365 2291.42
2.375 2216.67
2.385 2031.35
2.395 2159.86
2.405 2128.06
2.415 1965.18
2.425 2053.66
2.435 2016.88
2.445 1921.04
2.455 1902.31
2.465 1933.77
2.475 1863.21
2.485 1720.34
2.495 1721.01
2.505 1758.47
2.515 1650.26
2.525 1701.11
2.535 1704.36
2.545 1674.27
2.555 1671.56
2.565 1678.51
2.575 1702.33
2.585 1641.06
2.595 1659.78
2.605 1679.23
2.615 1648.28
2.625 1627.02
2.635 1643.66
2.645 1633.45
2.655 1620.96
2.665 1589.61
2.675 1623.46
2.685 1614.79
2.695 1572.9
2.705 1589.23
2.715 1578.22
2.725 1582.72
2.735 1549.2
2.745 1555.98
2.755 1551.64
2.765 1535.6
2.775 1511.34
2.785 1522.65
2.795 1522.93
2.805 1505.26
2.815 1486.53
2.825 1488.62
2.835 1482.44
2.845 1470.9
2.855 1460.62
2.865 1455.33
2.875 1441.36
2.885 1430.99
2.895 1424.5
2.905 1419.1
2.915 1411.98
2.925 1386.82
2.935 1393.94
2.945 1376.8
2.955 1371.97
2.965 1368.52
2.975 1355.65
2.985 1346.03
2.995 1338.26
3.005 1327
3.015 1328.07
3.025 1312.25
3.035 1298.98
3.045 1305.79
3.055 1292.12
3.065 1288.23
3.075 1283.06
3.085 1269.84
3.095 1271.27
3.105 1268.91
3.115 1250.41
3.125 1252.46
3.135 1245.31
3.145 1243.04
3.155 1245.08
3.165 1246.84
3.175 1268.77
3.185 1307.09
3.195 1376.02
3.21 1551.83
3.23 1989.11
3.25 2660.92
3.27 3404.72
3.29 3910.66
3.31 3916.23
3.33 3405.86
3.35 2639.93
3.37 1929.09
3.39 1451.47
3.41 1197.54
3.43 1091.52
3.45 1049.22
3.47 1032.38
3.49 1020
3.51 1008.81
3.53 993.73
3.55 983.851
3.57 970.629
3.59 958.07
3.61 951.733
3.63 939.099
3.65 926.571
3.67 915.019
3.69 900.921
3.71 889.899
3.73 882.029
3.75 866.438
3.77 860.378
3.79 849.312
3.81 843.321
3.83 836.028
3.85 827.854
3.87 815.498
3.89 808.63
3.91 800.052
3.93 793.891
3.95 780.607
3.97 774.829
3.99 763.159
4.01 759.763
4.03 754.347
4.05 743.592
4.07 739.271
4.09 732.229
4.11 727.441
4.13 720.838
4.15 713.53
4.17 705.752
4.19 701.921
4.21 693.602
4.23 691.36
4.25 683.876
4.27 680.091
4.29 652.633
4.31 626.351
4.33 631.6
4.35 608.787
4.37 600.18
4.39 595.763
4.41 578.023
4.43 576.994
4.45 573.018
4.47 562.442
4.49 566.701
4.51 560.404
4.53 553.589
4.55 558.135
4.57 558.664
4.59 547.982
4.61 554.763
4.63 552.155
4.65 549.918
4.67 554.815
4.69 552.946
4.71 549.822
4.73 555.52
4.75 551.228
4.77 552.275
4.79 553.317
4.81 549.72
4.83 556.141
4.85 553.623
4.87 551.849
4.89 552.022
4.91 552.576
4.93 552.757
4.95 550.757
4.97 553.424
4.99 550.167
5.01 551.361
5.03 550.881
5.05 548.092
5.07 549.522
5.09 549.18
5.11 547.582
5.13 548.771
5.15 547.79
5.17 550.672
5.19 549.237
5.21 549.754
5.23 548.182
5.25 549.35
5.27 551.827
5.29 548.06
5.31 547.434
5.33 548.846
5.35 548.616
5.37 548.975
5.39 549.279
5.41 549.678
5.43 550.168
5.45 550.761
5.47 551.447
5.49 552.234
5.51 553.088
5.53 554.051
5.55 555.117
5.57 556.263
5.59 557.499
5.61 558.83
5.63 560.241
5.65 561.765
5.67 563.352
5.69 565.048
5.71 566.827
5.73 568.696
5.75 570.655
5.77 572.711
5.79 574.84
5.81 577.07
5.83 579.381
5.85 581.778
5.87 584.275
5.89 586.857
5.91 589.537
5.93 592.303
5.95 595.161
5.97 598.104
5.99 601.144
6.01 604.281
6.03 669.716
6.05 729.098
6.07 765.166
6.09 784.52
6.11 821.49
6.13 914.406
6.15 1095.95
6.17 1393.03
6.19 1737.46
6.21 2021.86
6.23 2112.05
6.25 2102.5
6.27 1972.86
6.29 1769.77
6.31 1544.44
6.33 1318.26
6.35 1157.44
6.37 1048.29
6.39 973.676
6.42 878.057
6.46 755.536
6.5 659.081
6.54 662.064
6.58 668.39
6.62 723.063
6.66 733.692
6.7 717
6.74 680.774
6.78 773.062
6.82 690.723
6.86 721.631
6.9 783.198
6.94 843.973
6.98 874.44
7.02 1087.67
7.06 894.629
7.1 882.331
7.14 965
7.18 964.188
7.22 1004.16
7.26 1026.67
7.3 1135.04
7.34 1194.78
7.38 1262.73
7.42 1478.67
7.46 1675.34
7.5 1897.04
7.54 2023.83
7.58 2276.07
7.62 2444.71
7.66 2541.25
7.7 2481.22
7.74 2418.79
7.78 2356.07
7.82 2340.57
7.86 2279.99
7.9 2173.76
7.94 1991.08
7.98 1802.48
8.02 1609.33
8.06 1459.55
8.1 1349.86
8.14 1295.51
8.18 1219.36
8.22 1148.55
8.26 1108.19
8.3 1113.4
8.34 1136.33
8.38 1126.07
8.42 1129.03
8.46 1142.71
8.5 1183.79
8.54 1239.86
8.58 1313.37
8.62 1347.18
8.66 1333.56
8.7 1257.61
8.74 1130.24
8.78 990.797
8.82 837.524
8.86 734.594
8.9 658.422
8.94 609.056
8.98 555.849
9.02 506.806
9.06 470.151
9.1 437.43
9.14 408.872
9.18 393.157
9.22 386.971
9.26 388.968
9.3 391.666
9.34 386.631
9.38 371.957
9.42 385.643
9.46 383.765
9.5 347.567
9.54 351.841
9.58 364.95
9.62 375.269
9.66 385.014
9.7 392.678
9.74 389.189
9.78 371.66
9.82 348.503
9.82316 347.456
9.86 335.594
9.9 322.736
9.94 310.161
9.94788 308.665
9.98 302.773
10 299.228
10.0742 314.9
10.2021 326.946
10.3316 325.187
10.4628 373.861
10.5957 485.092
10.7302 485.045
10.8665 516.353
11 684.473
11.0044 692.071
11.1442 1010.58
11.2857 2135.48
11.4289 1428.67
11.5741 972.905
11.721 808.359
11.8699 815.105
12 899.899
12.0206 899.818
12.1732 862.671
12.3278 963.398
12.4843 1044.23
12.6428 1219.37
12.8033 1692.28
12.9659 945.429
13 840.051
13.1305 734.019
13.2972 734.466
13.4661 719.67
13.6371 753.395
13.8102 679.521
13.9856 692.742
14 698.428
14.1631 711.523
14.343 718.561
14.5251 725.7
14.7095 732.943
14.8963 740.297
15 744.386
15.0854 747.599
15.277 754.821
15.471 762.14
15.6674 769.559
15.8663 777.081
16 782.142
16.0678 784.263
16.2718 790.644
16.4784 797.098
16.6876 803.63
16.8995 810.24
17 813.375
17.1141 816.757
17.3314 823.195
17.5515 829.714
17.7743 836.304
18 842.978
19 866.919
20 889.97
21 913.156
22 936.003
23 955.225
24 975.067
25 994.483
26 1012.83
27 1031.72
28 1050.91
30 1087.89
32 1129.12
34 1167.65
36 1223.82
38 1282.99
40 1366.67
42 1477.33
44 1592.81
46 1740.18
48 1900.44
50 2067.58
52 2266.82
54 2482.2
56 2707.71
58 2943.02
60 3186.59
62 3440.25
64 3702.49
66 3964.66
68 4213.8
70 4469.48
80 5681.01
90 6518.3
100 6947.43
110 7120.56
120 6990.67
130 6683.12
140 6195.74
150 5702.34
159.9 5123.69
300 1051.17
800 17.0628
1200 3.10625
1272 2.43176
1447 1.41489
1646 0.848241
1873 0.52604
2131 0.341158
2425 0.233772
2759 0.170149
3139 0.131287
3572 0.106606
4064 0.090133
4624 0.0784947
5261 0.0698124
5986 0.0629925
6046 0.0605368
