0.1006 2023.65
0.101765 885.392
0.102944 1333.95
0.104136 2858.49
0.105342 2686.2
0.106561 2780.57
0.107795 2466.81
0.109044 3134.28
0.110306 3134.27
0.111583 2918.33
0.112876 3532.96
0.114183 3381.72
0.115505 3623.59
0.116842 2911.63
0.118195 3084.14
0.119564 1875.59
0.120948 1145.87
0.122349 2761.45
0.123766 3759.57
0.125199 3615.25
0.126648 4009.92
0.128115 4065.72
0.129599 3397.33
0.131099 4257.32
0.132617 3794.33
0.134153 4141.3
0.135706 3991.49
0.137278 3856
0.138867 3342.99
0.140475 3623.57
0.142102 3733.69
0.143747 3927.69
0.145412 3909.63
0.147096 3900.66
0.148799 3900.65
0.150522 3606.93
0.152265 3327.64
0.154028 3163.27
0.155812 3373.95
0.157616 3541.1
0.159441 3312.35
0.161287 3289.55
0.163155 3281.98
0.165044 3222.07
0.166955 3413.01
0.168888 3304.73
0.170844 3048.85
0.172822 3229.51
0.174824 3259.4
0.176848 3185.21
0.178896 3185.21
0.180967 3141.48
0.183063 2952.15
0.185183 2851.91
0.187327 2761.44
0.189496 2680.02
0.19169 2535.92
0.19391 2595
0.196155 2541.78
0.198427 2372.14
0.200724 2444.2
0.203049 2355.79
0.2054 2218.9
0.207778 2318.12
0.210184 2260.15
0.212618 2158.41
0.21508 2143.57
0.217571 2085.15
0.22009 1995.89
0.222638 2014.36
0.225216 2019
0.227824 2066.03
0.230462 2094.77
0.233131 2042.38
0.235831 2080.36
0.238561 2085.15
0.241324 2138.64
0.244118 2224.01
0.246945 2198.56
0.249804 2198.55
0.252697 2198.56
0.255623 2307.48
0.258583 2296.87
0.261577 2302.17
0.264606 2388.56
0.26767 2344.97
0.27077 2275.82
0.273905 2239.43
0.277077 2275.82
0.280285 2405.12
0.283531 2318.13
0.286814 2394.07
0.290135 2506.9
0.293495 2455.49
0.296893 2449.84
0.300331 2399.59
0.303809 2444.21
0.307327 2472.51
0.310885 2565.29
0.314485 2524.28
0.318127 2625.05
0.32181 2631.1
0.325537 2692.39
0.329306 2686.19
0.333119 2717.29
0.336977 2717.3
0.340879 2742.44
0.344826 2692.39
0.348819 2729.84
0.352858 2812.79
0.356944 2643.25
0.361077 2799.87
0.365258 2736.13
0.369488 3222.09
0.373766 3020.9
0.378094 3091.27
0.382472 3350.71
0.386901 3007.03
0.391381 3163.28
0.395913 3665.53
0.400498 4218.29
0.405135 4160.41
0.409826 4160.39
0.414572 4237.75
0.419373 4336.48
0.424229 4306.6
0.429141 4218.3
0.43411 4614.63
0.439137 4614.63
0.444222 4625.28
0.449366 4967.52
0.454569 5036.58
0.459833 5130.22
0.465157 5025
0.470544 5001.93
0.475992 5071.5
0.481504 5036.58
0.48708 5201.62
0.49272 5826.91
0.498425 6396.44
0.504197 5142.05
0.510035 4967.49
0.515941 4787.82
0.521915 5165.79
0.527959 5475.67
0.534072 5322.76
0.540256 5343.64
0.546512 5456.79
0.552841 5535.27
0.559242 5432.97
0.565718 5506.01
0.572269 5572.34
0.578895 5706.07
0.585599 5147.99
0.592379 5546.73
0.599239 5631.67
0.606178 5666.79
0.613197 5425.47
0.620298 5466.86
0.62748 5656.37
0.634746 5821.53
0.642096 5818.85
0.649531 5920.22
0.657052 5909.32
0.664661 5826.9
0.672357 5851.1
0.680143 5910.69
0.688018 5958.5
0.695985 6017.79
0.704044 6019.17
0.712197 5888.95
0.720444 5902.53
0.728786 6077.67
0.737225 6176.43
0.745762 6343.63
0.754397 6375.84
0.763133 6260.92
0.771969 6321.75
0.780908 6305.76
0.789951 6166.48
0.79908 6380.4
0.808332 6455.76
0.817692 6342.31
0.827161 6326.27
0.836739 6361.32
0.846428 6195.09
0.856229 6279.82
0.866144 6563.68
0.876173 6493.03
0.886319 6633.57
0.896582 6355.48
0.906964 6575.79
0.917466 6390.69
0.92809 6227.99
0.938837 5953.16
0.949708 6473.63
0.960705 6514
0.971829 6463.2
0.983074 6621.43
0.994457 6702.73
1.00597 6685.76
1.01762 6659.65
1.02941 6659.56
1.04133 6668.77
1.05339 6606.12
1.06559 6665.73
1.07793 6658.06
1.09041 6557.64
1.10304 6482.6
1.11581 6505
1.12873 6497.52
1.1418 6472.13
1.15502 6356.93
1.1684 6383.35
1.18193 6390.72
1.19561 6365.71
1.20946 6329.2
1.22346 6284.16
1.23763 6192.25
1.25196 6087.63
1.26648 6169.3
1.28115 6159.38
1.29599 6145.25
1.31099 6129.68
1.32617 6105.73
1.34153 6062.29
1.35706 5962.62
1.37278 6017.83
1.38867 5988.75
1.40475 5921.56
1.42102 5762.85
1.43747 5809.45
1.45412 5614.84
1.47096 5765.5
1.48799 5980.5
1.50522 5946.16
1.52265 5986.01
1.54028 6055.32
1.55812 5852.45
1.57616 6088.88
1.59441 5997.04
1.61287 5740.33
1.63155 5794.79
1.65044 5916.12
1.66955 5753.55
1.68888 5793.43
1.70844 5631.65
1.72822 5541.61
1.74824 5368.3
1.76848 5091.4
1.78896 4990.43
1.80967 4959.49
1.83063 4654.12
1.85183 4607.2
1.87327 4495.4
1.89496 4375.84
1.9169 4269.78
1.9391 4159.97
1.96155 4046.89
1.98427 3954.37
2.00724 3888.1
2.03049 3805.02
2.054 3719.26
2.07778 3643.62
2.10184 3561.86
2.12618 3468.03
2.13385 3452.08
2.53453 2818.85
2.90146 2487.6
3.20126 2254.63
3.57572 2081.17
4.04338 1897.58
4.35284 1835.99
4.74394 1790.82
5.17018 1800.98
5.63472 1867.41
5.8016 1978.73
5.8952 2089.56
5.9887 2212.14
6.0821 2287.84
6.174 2310.86
6.2659 2353.46
6.3575 2515.07
6.4492 2536.26
6.5395 2504.48
6.6296 2447.33
6.7217 2380.66
6.8143 2216.38
6.9063 2226.94
6.9975 2351.86
7.0885 2596.3
7.1795 2927.2
7.2705 3319.48
7.3614 3835
7.4522 4227.22
7.5429 4568.16
7.6335 4825.71
7.7242 4992.39
7.8146 4955.45
7.905 4891.19
7.9954 4729.3
8.0856 4533.08
8.1758 4298.57
8.2658 4060.83
8.3558 3815.67
8.4459 3567.24
8.5357 3307.5
8.6255 3034.04
8.7151 2743.39
8.8048 2495.22
8.8944 2264.21
8.9838 2052.08
9.0733 1846.04
9.1626 1698.79
9.2518 1569.03
9.341 1529.34
9.43 1479.86
9.519 1463.37
9.608 1464.84
9.6968 1467.35
9.7856 1471.04
9.8743 1475.89
9.9641 1472.88
10.0545 1475.77
10.1448 1499.47
10.2348 1537.5
10.325 1593.78
10.415 1674.66
10.5048 1776.81
10.5947 1904.38
10.6845 2038.6
10.7741 2187.87
10.8638 2413.83
10.9525 2587.66
11.0388 3070.81
11.1321 2968.44
11.2576 2822.43
11.5773 2555.91
12.0781 2310.25
12.218 1887.99
12.3595 1998.69
12.5026 2059.9
12.6474 2043.9
12.7938 1980.24
12.942 1855.08
13.0918 1707.16
13.2434 1609.19
13.3968 1574.22
13.5519 1572.02
13.7088 1582.05
13.8676 1597.35
14.0281 1615.18
14.1906 1627.68
14.3549 1632.76
14.5211 1623.3
14.6893 1612.44
14.8594 1684.88
15.0314 1783.25
15.2055 1819.73
15.3815 1831.71
15.5597 1813.33
15.7398 1648.82
15.9221 1697.76
16.1065 1753.79
16.293 1768.78
16.4816 1790.51
16.6725 1817.09
16.8655 1841.51
17.0608 1865.84
17.2584 1891.8
17.4582 1917.68
17.6604 1943.9
17.8649 1970.96
18.0717 1997.9
18.281 2025.7
18.4927 2054.35
18.7068 2082.93
18.9234 2112.87
19.1426 2142.78
19.3642 2173.57
19.5884 2204.83
19.8153 2237.05
20.0447 2270.24
20.2768 2303.95
20.5116 2338.16
20.7491 2373.57
20.9894 2409.94
21.2324 2447.4
21.4783 2485.45
21.727 2524.68
21.9786 2564.51
22.2331 2606.19
22.4905 2648.48
22.751 2692.15
23.0144 2737.17
23.2809 2782.93
23.5505 2830.77
23.8232 2879.41
24.0991 2930.26
24.3781 2982.66
24.6604 3036.02
24.9459 3090.82
25.2348 3148.29
25.527 3206.83
25.8226 3267.2
26.1216 3328.7
26.4241 3392.93
26.7301 3458.39
27.0396 3525.13
27.3527 3593.98
27.6694 3665.01
27.9898 3737.45
28.3139 3811.31
28.6418 3887.52
28.9734 3963.47
29.3089 4046.45
29.6483 4131.19
29.9916 4207.97
30.3389 4296.11
30.6902 4386.06
31.0456 4467.62
31.4051 4561.15
31.7687 4656.66
32.1366 4754.16
32.5087 4842.56
32.8852 4943.96
33.266 5047.48
33.6512 5141.33
34.0408 5248.99
34.435 5358.88
34.8337 5458.51
35.2371 5572.82
35.6451 5676.41
36.0579 5795.3
36.4754 5903.03
36.8978 6012.75
37.325 6138.66
37.7572 6252.78
38.1944 6369.07
38.6367 6487.49
39.0841 6608.07
39.5367 6730.93
39.9945 6840.3
40.4576 6967.49
40.9261 7097
41.4 7212.34
41.8794 7346.4
42.3643 7465.78
42.8548 7587.06
43.3511 7710.38
43.8531 7835.67
44.3609 7962.96
44.8745 8073.73
45.3942 8204.96
45.9198 8319.06
46.4515 8434.8
46.9894 8552.12
47.5335 8671.11
48.0839 8791.71
48.6407 8914.04
49.204 9017.27
49.7737 9121.68
50.3501 9227.31
50.9331 9334.15
51.5229 9442.24
52.1195 9529.58
52.723 9617.78
53.3335 9729.15
53.9511 9796.6
54.5758 9887.22
55.2077 9978.74
55.847 10047.9
56.4937 10117.6
57.1479 10187.7
57.8096 10234.7
58.479 10305.6
59.1562 10362.7
59.8412 10386.6
60.5341 10434.6
61.235 10482.7
61.9441 10506.9
62.6614 10531.1
63.387 10555.4
64.121 10555.4
64.8634 10579.7
65.6145 10579.7
66.3743 10579.7
67.1429 10579.7
67.9204 10555.4
68.7068 10555.4
69.5024 10531.1
70.3072 10506.9
71.1214 10482.7
71.9449 10458.6
72.778 10434.5
73.6207 10386.6
74.4732 10338.9
75.3356 10315.1
76.2079 10267.7
77.0903 10220.6
77.983 10173.6
78.886 10103.6
79.7995 10057.1
80.7235 9987.92
81.6582 9942.05
82.6038 9873.63
83.5603 9805.63
84.5279 9738.12
85.5067 9671.06
86.4968 9604.52
87.4984 9538.38
88.5116 9472.69
89.5365 9385.84
90.5733 9321.26
91.6221 9235.78
92.683 9172.25
93.7562 9088.12
94.8418 9004.82
95.9401 8942.84
97.051 8860.89
98.1748 8779.61
99.3116 8699.1
100.462 8619.39
101.625 8540.32
102.802 8462.1
103.992 8384.46
105.196 8307.61
106.414 8231.38
107.647 8137.26
108.893 8062.61
110.154 7970.32
111.429 7879.04
112.72 7788.92
114.025 7699.77
115.345 7611.56
116.681 7524.48
118.032 7438.36
119.399 7336.29
120.781 7235.57
122.18 7136.33
123.595 7038.46
125.026 6941.88
126.474 6846.64
127.938 6737.13
129.42 6629.44
130.918 6523.42
132.434 6419.1
133.968 6302
135.519 6186.92
137.088 6074
138.676 5963.18
140.281 5854.29
141.906 5734.22
143.549 5616.64
145.211 5501.42
146.893 5376.2
148.594 5265.9
150.314 5134.22
152.055 5017.36
153.815 4891.82
155.597 4769.51
157.398 4650.25
159.221 4533.96
161.065 4410.36
162.93 4280.32
164.816 4163.63
166.725 4040.85
168.655 3921.68
170.608 3797.31
172.584 3676.85
174.582 3560.2
176.604 3436.18
178.649 3327.18
180.717 3206.77
182.81 3097.99
184.927 2985.87
187.068 2884.55
189.234 2773.75
191.426 2673.46
193.642 2570.87
195.884 2472.11
198.153 2377.3
200.447 2285.96
202.768 2193.14
205.116 2108.98
207.491 2023.35
209.894 1941.2
212.324 1858.07
214.783 1782.66
217.27 1706.36
219.786 1633.28
222.331 1563.46
224.905 1496.45
227.51 1432.39
230.144 1371.16
232.809 1309.4
235.505 1250.42
238.232 1196.91
240.991 1143.12
243.781 1091.57
246.604 1042.5
249.46 995.64
252.348 948.589
255.27 905.859
258.226 865.086
261.216 824.325
264.241 787.15
267.301 749.969
270.396 714.619
273.527 680.896
276.694 648.726
279.898 619.481
283.139 590.353
286.418 562.393
289.734 534.6
293.089 509.427
296.483 485.435
299.916 462.527
300 462.657
800 8.07136
1200 1.51382
1272 1.1902
1447 0.699099
1646 0.419239
1873 0.259703
2131 0.168051
2425 0.114822
2759 0.0832688
3139 0.0640513
3572 0.051864
4064 0.0437738
4624 0.0380742
5261 0.033838
5986 0.0305196
6046 0.0293177
