0.1235 570.775
0.126761 567.451
0.130108 564.146
0.1334 497.813
0.136724 421.05
0.140044 421.229
0.143347 507.155
0.146691 569.033
0.149975 492.179
0.153333 425.706
0.156609 438.081
0.159947 454.876
0.163247 521.142
0.166566 624.218
0.169889 705.398
0.173191 737.089
0.176534 760.662
0.17982 736.706
0.183168 713.511
0.186454 800.839
0.189785 913.393
0.193091 764.335
0.196407 537.197
0.199732 453.763
0.203033 519.123
0.206375 566.813
0.209663 432.252
0.213004 329.634
0.216297 427.087
0.219623 606.346
0.222934 625.713
0.226247 517.578
0.229573 492.471
0.232874 624
0.236216 784.87
0.239505 889.644
0.24284 1008.41
0.246139 967.89
0.249462 892.031
0.252775 876.04
0.256087 907.885
0.259414 929.187
0.262715 920.782
0.266056 913.591
0.269346 974.281
0.272677 1039
0.27598 1048.82
0.2793 1040
0.282616 1055.83
0.285926 1098.22
0.289254 1129.58
0.292554 1119.08
0.295892 1108.68
0.299186 1256.51
0.302514 1430.41
0.30582 1492.18
0.309138 1500.91
0.312456 1454.43
0.315765 1344.91
0.319094 1281.83
0.322394 1400.74
0.325728 1530.69
0.329026 1573.94
0.332351 1609.74
0.33566 1608.12
0.338976 1586.88
0.342296 1577.46
0.345603 1585.9
0.348933 1595.12
0.352233 1609.33
0.355564 1623.66
0.358865 1683.76
0.362188 1753.29
0.365499 1823.76
0.368814 1895.76
0.372135 1990.3
0.375442 2129.35
0.378773 2274.99
0.382072 2394.1
0.3854 2519.46
0.388704 2473.27
0.392025 2391.34
0.395338 2527.66
0.398652 2866.83
0.401974 3138.08
0.40528 3157.19
0.408611 3177.55
0.411911 3230.48
0.415237 3284.29
0.418543 3368.77
0.421862 3464.52
0.425178 3458.59
0.42849 3355.21
0.431813 3317.2
0.435119 3474.59
0.43845 3639.44
0.44175 3767.09
0.445074 3898.51
0.448382 3994.9
0.4517 4078.21
0.455016 4174.85
0.458327 4287.77
0.461652 4410.79
0.464957 4566.8
0.468286 4728.33
0.471588 4647.52
0.474911 4551.86
0.478221 4549.46
0.481537 4591.95
0.484855 4586.68
0.488165 4513.45
0.491491 4521.76
0.494795 5018.56
0.498122 5569.85
0.501427 5239.66
0.504747 4826.06
0.508059 4718.71
0.511374 4782.45
0.514694 4824.23
0.518003 4826.06
0.521329 4835.98
0.524633 4919.49
0.527958 5004.43
0.531265 5172.67
0.534585 5363.06
0.537898 5422.71
0.541212 5382.49
0.544532 5377.81
0.547841 5451.21
0.551157 5526.23
0.554241 5613.57
0.557342 5702.33
0.560603 5765.07
0.563922 5821.08
0.567236 5861.93
0.570549 5888.92
0.573871 5919.94
0.577179 5962.03
0.580506 6004.75
0.58381 6228.49
0.587132 6460.68
0.590441 6384.62
0.593759 6202.82
0.597075 6121.63
0.600387 6146.4
0.603709 6206.91
0.607017 6401.12
0.610343 6601.35
0.613648 6613.84
0.616969 6616.81
0.62028 6500.6
0.623596 6334.55
0.626913 6315.4
0.630225 6491.32
0.633548 6641.99
0.636854 6642.83
0.640179 6643.78
0.643486 6666.58
0.646805 6691.84
0.650118 8686.94
0.653433 13020
0.656751 14355.9
0.660062 9576.84
0.663385 6723.87
0.666692 6945.73
0.670016 7174.8
0.673324 6972.54
0.676643 6705.92
0.679956 6615.06
0.683271 6640.18
0.686589 6694.27
0.6899 6808.25
0.693224 6921.23
0.69653 6995.32
0.699853 7070.26
0.703162 7086.26
0.70648 7087.83
0.709794 7031.72
0.713108 6928.31
0.716428 6856.22
0.719738 6860.77
0.723062 6867.29
0.726368 6976.89
0.729689 7088.24
0.733 7279.2
0.736317 7501.16
0.739632 7576.64
0.742946 7497.74
0.746266 7493.03
0.749576 7736.15
0.7529 7987.14
0.756206 7670.2
0.759526 7349.17
0.762838 7221.74
0.766154 7170.99
0.76947 7230.05
0.772783 7429.46
0.776104 7611.28
0.779413 7692.97
0.782736 7775.52
0.786044 7725.63
0.789363 7664.77
0.792676 7669.23
0.795991 7707.53
0.799308 7770.22
0.802621 7870.77
0.805942 7958.11
0.80925 7952.39
0.812573 7946.7
0.815881 7881.58
0.8192 7808.39
0.822513 7789.53
0.825829 7805.24
0.829147 7845.19
0.832458 7931.3
0.83578 8013.44
0.839088 8042.97
0.84241 8072.61
0.845719 7893.65
0.849038 7675.33
0.852352 7739.3
0.855666 8029.51
0.858984 8223.9
0.862295 8171.14
0.865618 8134.69
0.868926 8537.95
0.872247 8961.29
0.875557 8798.21
0.878874 8470.96
0.88219 8417.65
0.885503 8621.04
0.888823 8795.75
0.892133 8871.3
0.895456 8947.5
0.898764 8884.3
0.902083 8819.71
0.905395 8901.14
0.908712 9039.84
0.912027 9017.97
0.915341 8810.94
0.91866 8669.16
0.921971 8771.95
0.925292 8875.95
0.928601 9039.09
0.93192 9209.17
0.933746 8903.67
0.934851 8394.51
0.935956 8184.98
0.937061 8370.49
0.938167 8568.37
0.939271 8818.05
0.940377 9074.99
0.941481 8640.71
0.942587 8147.18
0.943691 8079.37
0.944796 8256.72
0.945902 8408.99
0.947006 8512.71
0.948112 8612
0.949216 8661.19
0.950322 8710.67
0.950797 8788.44
0.951151 8872.34
0.951453 8866.57
0.951718 8795.24
0.951984 8749.05
0.952249 8756.45
0.952514 8766.36
0.952779 8820.79
0.953044 8875.57
0.95331 8870.18
0.953575 8848.85
0.95384 8801.02
0.954105 8729.69
0.954382 8670.08
0.954692 8640.81
0.955001 8611.67
0.955222 8585.18
0.955443 8558.71
0.956155 8607.89
0.957039 8684
0.958029 8714.34
0.959134 8694.35
0.960239 8689.92
0.961344 8741.76
0.96245 8793.89
0.963554 8752.89
0.96466 8707.7
0.965765 8755.67
0.96687 8845.69
0.967975 8899.59
0.96908 8904.7
0.970186 8900.32
0.97129 8849.1
0.972396 8798.16
0.9735 8742.01
0.974606 8685.61
0.975711 8666.76
0.976816 8668.58
0.977921 8709.18
0.979025 8813.57
0.980131 8905.64
0.981235 8897.37
0.982341 8889.12
0.983446 8907.78
0.984552 8931.01
0.985656 8951.63
0.986761 8970.49
0.987867 8977.13
0.988971 8959.14
0.990077 8943.35
0.991181 8956.27
0.992287 8969.22
0.993392 8988.74
0.994497 9009.84
0.995602 9012.97
0.996707 9001.06
0.997812 9001.74
0.998917 9034.4
1.00002 9066.82
1.00113 9084.71
1.00223 9102.54
1.00267 9099.93
1.00289 9090.71
1.00315 9072.5
1.00346 9045.39
1.00377 9015.46
1.00408 8976.37
1.00439 8937.3
1.00466 8899.81
1.00492 8862.56
1.00519 8864.56
1.00545 8882.59
1.00572 8889.87
1.00598 8883.54
1.00626 8884.38
1.00657 8916.31
1.00688 8948.33
1.00714 8969.89
1.00741 8990.73
1.00808 9027.64
1.00897 9073.21
1.00994 9100.93
1.01104 9101.41
1.01215 9096.41
1.01325 9055.94
1.01436 9015.77
1.01546 9036.69
1.01657 9066.67
1.01767 9067.11
1.01878 9048.89
1.01988 9039.36
1.02099 9046.16
1.0221 9056.33
1.0232 9102.21
1.02431 9148.4
1.02541 9128.92
1.02652 9095.63
1.02762 9058.61
1.02873 9018.94
1.02983 9001.77
1.03093 9037.09
1.03204 9072.04
1.03315 9092.18
1.03425 9112.28
1.03536 9124.1
1.03646 9133.41
1.03757 9138.03
1.03867 9138.05
1.03978 9140.48
1.04088 9149.75
1.04199 9159.11
1.04309 9176.85
1.0442 9194.79
1.0453 9192.55
1.04641 9182.82
1.04751 9173.33
1.04862 9164.29
1.04971 9156.8
1.05077 9155.85
1.05184 9155
1.05298 9137.71
1.05413 9119.46
1.05525 9101.87
1.05635 9084.61
1.05748 9076.25
1.05862 9080.11
1.05976 9087.27
1.06082 9112.16
1.06188 9137.1
1.06298 9128.53
1.06409 9115.88
1.06519 9113.56
1.0663 9117.5
1.0674 9128.61
1.06851 9152.42
1.06962 9177.21
1.07072 9209.72
1.07182 9242.38
1.07293 9250.6
1.07403 9254.08
1.07514 9236.18
1.07624 9202.73
1.07736 9174.77
1.07851 9158.45
1.07966 9145.94
1.08072 9199.08
1.08178 9252.52
1.08288 9243.96
1.08398 9219.05
1.08509 9188.74
1.08619 9153.5
1.0873 9137.59
1.0884 9173.98
1.0895 9210.31
1.09039 9211.32
1.09127 9212.25
1.09166 9203.73
1.09189 9192.08
1.09215 9179.73
1.09246 9166.84
1.09278 9154.67
1.09313 9144.87
1.09348 9135.05
1.09371 9131.96
1.09393 9129.15
1.09424 9127.61
1.0946 9126.7
1.09491 9126.3
1.09518 9126.79
1.09544 9126.72
1.09571 9124.31
1.09598 9121.89
1.09628 9108.35
1.09659 9093.74
1.09735 9074.03
1.09837 9051.62
1.09942 9062.98
1.10053 9129.08
1.10163 9174.31
1.10274 9065.26
1.10384 8957.4
1.10495 8937.18
1.10605 8931.17
1.10716 8937.23
1.10826 8951.36
1.10937 8974.76
1.11047 9016.49
1.11158 9057.42
1.11268 9084.06
1.11379 9110.87
1.11493 9066.97
1.11608 9006.81
1.11718 8983.68
1.11824 8990.95
1.11931 9002.02
1.12042 9022.75
1.12152 9043.76
1.12258 9078.71
1.12365 9113.87
1.12477 9089.05
1.12592 9045.62
1.12705 9017.56
1.12815 9004.85
1.12926 9005.72
1.13037 9050.54
1.13147 9095.45
1.13258 9088.52
1.13368 9080.07
1.13479 9054.71
1.13589 9022.49
1.137 8978.06
1.1381 8918.7
1.13921 8880.97
1.14031 8935.51
1.14142 8990.39
1.14252 9031.91
1.14363 9072.57
1.14473 9067.34
1.14584 9038.84
1.14692 9028.27
1.14798 9044.6
1.14906 9056.5
1.15021 9039.91
1.15136 9023.39
1.15247 9022.61
1.15357 9024
1.1547 9034.79
1.15585 9051.54
1.15697 9048.69
1.15803 9009.69
1.1591 8969.86
1.1602 8919.86
1.16131 8870.23
1.16241 8905.64
1.16352 8959.34
1.16462 8987.71
1.16573 8996.54
1.16683 8999.99
1.16794 8991.27
1.16904 8983.53
1.17015 9001.78
1.17125 9019.97
1.17236 9014.11
1.17346 9001.21
1.17457 8966.23
1.17567 8910.51
1.17678 8872.3
1.17788 8884.81
1.17899 8897.4
1.18009 8950.96
1.1812 9005.33
1.18234 9024.64
1.18349 9030.77
1.18459 9022.82
1.18566 8999.02
1.18673 8978.93
1.18783 8973.39
1.18894 8967.94
1.19004 8977.92
1.19115 8988.95
1.19225 8973.51
1.19336 8945.71
1.19448 8895.1
1.19563 8813.06
1.19676 8749.46
1.19777 8782.6
1.19879 8815.94
1.19992 8870.58
1.20107 8928.18
1.2022 8949.77
1.2033 8949.89
1.20441 8946.66
1.20551 8937.48
1.20661 8929.32
1.20767 8929.62
1.20873 8929.9
1.20987 8938.05
1.21102 8947.63
1.21214 8951.45
1.21325 8951.19
1.21435 8946.06
1.21546 8930.77
1.21656 8916
1.21767 8911.29
1.21877 8906.5
1.21988 8898.71
1.22098 8890.04
1.22209 8891.33
1.22319 8901.25
1.2243 8910.65
1.2254 8918.38
1.22651 8926.04
1.22766 8913.7
1.22881 8901.36
1.22989 8889.74
1.23095 8878.37
1.23203 8872.32
1.23314 8871.99
1.23424 8872.57
1.23535 8876.68
1.23645 8880.72
1.23756 8879.46
1.23866 8877.9
1.23977 8836.62
1.24088 8778.28
1.24198 8740.1
1.24308 8727.79
1.24419 8722.79
1.24529 8752.79
1.2464 8782.96
1.2475 8761.88
1.24861 8735.87
1.24971 8729.97
1.25082 8735.16
1.25192 8738.58
1.25303 8739.32
1.25414 8734.37
1.25524 8688.65
1.25635 8643.2
1.25745 8599.05
1.25855 8555.25
1.25969 8560.78
1.26084 8599.38
1.26196 8646.19
1.26302 8709.2
1.26408 8767.67
1.26519 8763.73
1.26629 8759.7
1.2674 8711.37
1.2685 8653
1.26963 8632.51
1.27078 8642.88
1.2719 8662.62
1.27296 8705.79
1.27403 8746.67
1.27513 8686.36
1.27624 8626.6
1.27727 8615.82
1.27829 8620.37
1.27895 8629.8
1.27926 8644.24
1.27957 8658.26
1.27988 8670.98
1.28019 8683.77
1.28054 8685.84
1.2809 8687.7
1.28125 8679.44
1.28161 8667.23
1.28194 8651.57
1.28225 8631.77
1.28257 8611.79
1.28292 8590.84
1.28328 8569.92
1.28359 8556.72
1.2839 8544.12
1.28426 8538.3
1.28466 8536.03
1.2851 8545.81
1.28558 8573.55
1.28615 8605.08
1.28726 8660
1.28836 8715.19
1.28947 8678.93
1.29057 8629.91
1.29168 8601.48
1.29278 8585.64
1.29389 8584.26
1.29499 8609.26
1.2961 8633.59
1.2972 8649.95
1.29831 8666.4
1.29941 8688.08
1.30052 8710.96
1.30162 8723.22
1.30273 8727.41
1.30383 8727
1.30494 8716.27
1.30605 8706.16
1.30715 8709.68
1.30826 8713.29
1.30933 8719.12
1.31039 8725.6
1.31152 8730.87
1.31271 8734.97
1.31388 8735.92
1.31499 8727.6
1.31609 8719.23
1.3172 8723.54
1.3183 8727.87
1.31934 8733.11
1.32036 8738.67
1.32144 8738.39
1.32259 8731.45
1.32373 8726.58
1.32483 8729.68
1.32594 8732.85
1.32704 8730.01
1.32815 8726.88
1.32925 8721.65
1.33036 8715.49
1.33148 8713.27
1.33263 8716.63
1.33377 8720.19
1.33483 8724.73
1.33589 8729.28
1.33699 8694.19
1.33809 8654.54
1.3392 8644.17
1.3403 8650.67
1.34141 8665.56
1.34251 8694.66
1.34362 8718.76
1.34472 8699.89
1.34583 8681.16
1.3469 8665.6
1.34796 8650.63
1.34907 8640.19
1.35022 8633.02
1.3531 8625.32
1.35968 8616.55
1.36635 8608.35
1.37411 8609.64
1.3819 8610.83
1.3888 8541.27
1.39547 8454.26
1.4021 8445.33
1.40869 8504.28
1.41559 8529.99
1.42331 8466.18
1.43106 8403.4
1.43772 8399.78
1.4444 8396.12
1.45117 8225.87
1.45798 8004.46
1.46523 7977.72
1.47296 8155.97
1.48047 8334.42
1.48709 8503.24
1.49374 8675.51
1.50035 8707.94
1.50699 8734.63
1.51361 8737.28
1.52024 8729.52
1.52735 8735.69
1.53508 8759.93
1.54265 8762.02
1.54926 8658.85
1.55591 8556.98
1.56253 8701.25
1.56916 8872.5
1.57653 8740.96
1.58431 8452.44
1.59166 8353.4
1.59828 8545.49
1.60492 8688.68
1.61154 8462.31
1.61818 8241.81
1.62571 8392.14
1.63341 8606.18
1.64044 8771.74
1.64702 8904.09
1.65365 8830.67
1.66031 8367.4
1.66708 7985.13
1.6748 8316.17
1.68255 8660.89
1.68938 8677.53
1.69601 8617.19
1.70264 8558.29
1.70927 8500.59
1.71621 8336.99
1.72389 7925.26
1.73158 7552.46
1.73828 7878.75
1.74501 8219.26
1.75162 8151.2
1.75821 7958.38
1.76537 7811.69
1.7731 7708.43
1.78058 7594
1.7872 7442.13
1.79385 7293.31
1.80042 7253.55
1.80702 7216.52
1.81448 7149.72
1.8223 7071.8
1.82955 7002.68
1.83609 6943.74
1.84266 6898.83
1.84928 6911.67
1.85592 6924.53
1.86221 6912.58
1.8685 6898.76
1.87263 6880.15
1.87568 6859.19
1.87944 6839.11
1.88426 6820.34
1.88934 6797.41
1.89595 6749.49
1.9026 6701.98
1.91022 6673.74
1.91801 6648.23
1.92508 6551.24
1.93171 6412.29
1.93731 6329.48
1.94102 6344.57
1.94475 6346.01
1.94855 6214.45
1.95235 6085.59
1.95853 6098.18
1.96521 6139.65
1.97186 6126.77
1.97849 6072.8
1.98546 6009.03
1.99318 5922.89
2.00089 5843.16
2.00746 5877.42
2.01405 5911.9
2.02063 5851.06
2.02722 5764.62
2.03442 5716.78
2.0422 5703.93
2.0497 5686.59
2.05632 5656.3
2.06296 5626.19
2.06962 5574.23
2.07631 5522.63
2.08368 5482.35
2.09133 5446.39
2.09853 5430.62
2.1052 5437.44
2.11188 5429.79
2.11855 5367.37
2.12523 5305.62
2.13181 5271.92
2.13841 5240.02
2.14574 5215.16
2.15343 5193.6
2.15935 5145.3
2.16279 5061.06
2.16617 4999.85
2.16913 5054.53
2.17209 5109.84
2.1794 4990.83
2.18723 4855.15
2.19426 4841.04
2.20085 4896.28
2.20747 4914.58
2.21414 4869.91
2.22094 4826.55
2.22862 4790.55
2.23632 4754.8
2.26442 4555.15
2.2966 4336.07
2.32587 4161.07
2.35308 4016.1
2.38062 3881.62
2.40851 3762.77
2.43671 3648.46
2.46525 3551.98
2.49413 3458.09
2.53428 3354.17
2.5779 3250.27
2.62296 3164.34
2.66943 3093.12
2.71673 3015.98
2.76486 2921.21
2.81386 2830.26
2.8637 2812.29
2.91443 2794.44
2.96605 2726.06
3.01858 2643
3.07204 2630.12
3.12644 2690.2
3.18182 2737.42
3.23817 2736
3.29552 2734.59
3.35388 2747.73
3.41327 2761.52
3.47372 2646.06
3.53524 2484.1
3.59785 2321.97
3.66159 2158.35
3.72646 2034.44
3.79245 2047.49
3.85962 2060.63
3.928 2100.2
3.99761 2143.11
4.06841 2164.67
4.14044 2174.5
4.22126 2127.49
4.31573 1996.9
4.4191 1879.31
4.57316 1801.55
4.73261 1727.01
4.89765 1782.56
5.06845 1861.42
5.24518 1950.73
5.42805 2049.16
5.61731 2151.95
5.81321 2258.66
6.00215 2367.45
6.03006 2441.68
6.0581 2518.24
6.09229 2993.71
6.12805 3675.58
6.16401 4427.04
6.2002 5250.27
6.2366 5833.58
6.27321 5527.83
6.31005 5223.1
6.34709 4472.75
6.38435 3830.2
6.42182 3414.74
6.45951 3082
6.49742 2870.22
6.53554 2756.78
6.57388 2680.78
6.61247 2710.1
6.65129 2739.76
6.69035 2804.18
6.72964 2870.88
6.76913 2915.78
6.80885 2952.09
6.8488 3013.86
6.88898 3107.87
6.9294 3213.18
6.9701 3358.72
7.01104 3510.86
7.05219 3413.33
7.0936 3300.51
7.13523 3293.19
7.1771 3337.55
7.21922 3505.78
7.26159 3880.66
7.30423 4303.78
7.34712 4826.32
7.39026 5412.32
7.43361 6171.15
7.47721 7052.28
7.5211 7776.97
7.56525 8389.79
7.60966 8794.64
7.65432 8753.02
7.69925 8689.14
7.74446 8414.82
7.78994 8149.29
7.83566 7819.6
7.88164 7489.39
7.92789 7014.43
7.97442 6459.51
8.02122 5924.34
8.0683 5383.95
8.11565 4909.49
8.16327 4807.5
8.21118 4707.63
8.25937 4690.42
8.30786 4695.79
8.35664 4707.24
8.40572 4724.33
8.45508 4796
8.5047 5031.07
8.55461 5277.69
8.60482 5084.38
8.65532 4896.61
8.70611 4455.91
8.75719 3972.49
8.80859 3386.96
8.8603 2747.09
8.91231 2313.27
8.96461 2244.42
9.0172 2177.63
9.07017 1764.02
9.12344 1414.65
9.177 1562.1
9.23086 1998.49
9.28503 2245.16
9.33951 2111.97
9.39431 1995.11
9.44946 1926.92
9.50494 1861.08
9.56074 1839.96
9.61687 1823.93
9.67331 1847.83
9.73008 1895.56
9.78719 1912.71
9.84465 1877.39
9.90244 1835.73
9.96057 1741.12
10 1748.01
11 2305.4
12 3136.45
13 3527.47
14 3809.55
15 3909.05
16 3991.65
17 4130.27
18 4265.05
19 4560.3
20 4869.36
21 5193.38
22 5530.73
23 5873.28
24 6190.03
25 6502.3
26 6815.56
27 7115.69
28 7397.12
30 7963.86
32 8548
34 9143.11
36 9616.5
38 10068.1
40 10306.5
42 10317
44 10285
46 10423.1
48 10575.5
50 10709.3
52 10964.8
54 11248.4
56 11514.6
58 11733
60 11838.4
62 11923.8
64 11989.3
66 12051.7
68 12121.3
70 12164.5
80 12367.8
90 12222
100 11697.7
110 10993.9
120 10264
130 9447.05
140 8558.97
150 7683.82
159.9 6671.78
300 1184.22
800 18.4008
1200 3.28987
1272 2.56883
1447 1.4861
1646 0.891189
1873 0.552059
2131 0.35723
2425 0.244081
2759 0.177006
3139 0.136155
3572 0.110248
4064 0.093051
4624 0.0809353
5261 0.07193
5986 0.0648757
6046 0.0623216
