0.1005 1576.55
0.1015 1606.34
0.1025 840.184
0.1035 1120.34
0.1045 2209.31
0.1055 2159.07
0.1065 1610.84
0.1075 1989.61
0.1085 1534.93
0.1095 2171.48
0.1105 2075.17
0.1115 1962.61
0.1125 1696.16
0.1135 2340.62
0.1145 2123.31
0.1155 2296.74
0.1165 2344.07
0.1175 1461.38
0.1185 2288.4
0.1195 1549.78
0.1205 1045.96
0.1215 912.994
0.1225 1695.99
0.1235 2583.4
0.1245 2826.16
0.1255 2663.14
0.1265 2305.35
0.1275 3069.09
0.1285 3258.49
0.1295 2398.35
0.1305 2399.53
0.1315 3197.15
0.1325 3038.98
0.1335 2615.97
0.1345 3279.84
0.1355 3173.26
0.1365 2762.16
0.1375 2936.88
0.1385 2954.05
0.1395 2468.95
0.1405 2588.49
0.1415 2705.21
0.1425 2829.34
0.1435 2820.59
0.1442 3013.78
0.1447 3082.79
0.1455 2969.77
0.1465 2689.3
0.1475 2723.69
0.1485 2813.93
0.1495 2882.54
0.1505 2684.54
0.1512 2326.23
0.1517 2545.59
0.1525 2453.08
0.1535 2063.98
0.1545 2325.67
0.1555 2203.57
0.1565 2262.18
0.1575 2442.18
0.1585 2617.56
0.1595 2663.95
0.1605 2641.88
0.1615 2666.14
0.1625 2498.11
0.1635 2711.01
0.1645 2763.37
0.1655 2535.23
0.1665 2800.98
0.1672 2432.01
0.1677 2829.27
0.1685 2991.36
0.1695 2779.78
0.1705 2661.27
0.1715 2477.97
0.1725 2468.46
0.1735 2668.26
0.1745 2602.48
0.1755 2807.16
0.1765 2542.75
0.1775 2585.04
0.1785 2651.35
0.1795 2871.14
0.1805 2858.78
0.1815 2568.73
0.1825 2649.04
0.1835 2526.1
0.1845 2283.54
0.1855 2278
0.1865 2363.5
0.1875 2619.67
0.1885 2363.79
0.1895 2253.86
0.1905 2421.1
0.1915 2292.68
0.1925 2250
0.1935 2336.49
0.1945 2435.51
0.1955 2250.81
0.1967 2515.34
0.1976 2591.31
0.1984 2423.22
0.1995 2340.25
0.2005 2433.13
0.2015 2319.89
0.2025 2452.5
0.2035 2283.92
0.2045 2398.91
0.2055 2272.85
0.2065 2268.94
0.2074 2463
0.2078 2304.56
0.2085 2420.64
0.2095 2276.59
0.2105 2297.63
0.2115 2332.82
0.2125 2373.37
0.2135 2189.81
0.2145 2254.48
0.2155 2365.22
0.2165 2295.12
0.2175 2276.81
0.2185 2226.58
0.2195 2352.12
0.2205 2288.24
0.2215 2168.84
0.2225 2099.34
0.2235 2264.03
0.2245 2171.09
0.2255 2070.43
0.2265 2145.29
0.2275 2213.85
0.2285 2289.82
0.2295 2151.52
0.2305 2170.64
0.2315 2059.8
0.2325 1564.51
0.2335 1909.75
0.2345 1868.35
0.2355 2041.33
0.2365 1870
0.2375 1936.73
0.2385 1802.26
0.2395 1942.91
0.2405 1862.4
0.2415 1927.04
0.2425 2060.99
0.2435 1981.24
0.2445 2119.35
0.2455 2095.39
0.2465 2087.54
0.2475 2012.29
0.2485 2075.96
0.2495 1926.07
0.2505 2191.02
0.2513 1941.48
0.2518 2013.79
0.2525 1923.3
0.2535 1963.07
0.2545 1921.63
0.2555 2080.42
0.2565 2028.14
0.2575 2165.15
0.2585 2137.64
0.2595 2112.99
0.2605 2042.46
0.2615 2018.71
0.2625 2124.74
0.2635 2198.09
0.2645 2393.36
0.2655 2447.32
0.2665 2207.02
0.2675 2331.64
0.2685 2322.51
0.2695 2220.46
0.2705 2289.16
0.2715 2181.18
0.2725 2190.86
0.2735 2309.59
0.2745 1993.05
0.2755 2043.58
0.2765 2126.15
0.2775 2241.12
0.2785 2123.02
0.2795 1713.64
0.2805 1848.54
0.2815 2236.02
0.2825 2360
0.2835 2255.33
0.2845 2208.29
0.2855 2131.55
0.2865 2353.61
0.2875 2347.93
0.2885 2340.41
0.2895 2317.05
0.291 2525.93
0.293 2442.4
0.295 2412.75
0.297 2468.57
0.299 2481.58
0.301 2520
0.303 2523.93
0.305 2527.7
0.307 2542.42
0.309 2564.58
0.311 2558.63
0.313 2535.38
0.315 2555.39
0.317 2558.21
0.319 2447.18
0.321 2540.08
0.323 2442.74
0.325 2573.69
0.327 2652.74
0.329 2641.14
0.331 2649.2
0.333 2633.02
0.335 2606.34
0.337 2511.98
0.339 2549.41
0.341 2570.63
0.343 2571.21
0.345 2598.7
0.347 2597
0.349 2639.37
0.351 2690.54
0.353 2637.64
0.355 2736.21
0.357 2544.61
0.359 2526.34
0.361 2616.73
0.363 2648.77
0.364 2664.86
0.365 2786.83
0.367 2757.77
0.369 2578.88
0.371 2792.31
0.373 2669.92
0.375 3148.6
0.377 3361.23
0.379 3804.89
0.381 4179.38
0.383 3345.32
0.385 4332.56
0.387 4649.61
0.389 3418.88
0.391 4806.33
0.393 3886.08
0.395 4531.01
0.397 2968.81
0.399 4957.65
0.401 5360.41
0.403 5343.3
0.405 5325.79
0.407 5145.58
0.409 4802.76
0.411 4098.83
0.413 5146.6
0.415 5329.43
0.417 5329.93
0.419 5322.6
0.421 5348.01
0.423 5245.67
0.425 5321.81
0.427 5145.65
0.429 5115.35
0.431 4772.12
0.433 4595.47
0.435 4206.79
0.437 5363.83
0.439 5242.54
0.441 5327.68
0.443 5383.96
0.445 5445.91
0.447 5524.38
0.449 5546.41
0.451 5889.83
0.453 5535.61
0.455 5584.76
0.457 5835.71
0.459 5633.86
0.461 5736.41
0.463 5604.66
0.465 5676.63
0.467 5771.56
0.469 5668.8
0.471 5502.36
0.473 5705.7
0.475 5781.46
0.477 5765.5
0.479 5743.35
0.481 5674.36
0.483 5683.36
0.485 5012.57
0.487 4362.56
0.489 5491.08
0.491 5590.67
0.493 5515.19
0.495 5702
0.497 5671.02
0.499 5416.5
0.501 5208.25
0.503 5420.43
0.505 5380.98
0.507 5558.49
0.509 5383.64
0.511 5447.98
0.513 5317.45
0.515 5201.35
0.517 5027.91
0.519 5097.52
0.521 5249.34
0.523 5395.84
0.525 5530.66
0.527 5121.98
0.529 5550.43
0.531 5693.28
0.533 5302.64
0.535 5606.91
0.537 5588.93
0.539 5499.09
0.541 5424.72
0.543 5493.97
0.545 5612.95
0.547 5508.02
0.549 5514.87
0.551 5485.04
0.553 5578.44
0.555 5628.81
0.557 5558.23
0.559 5483.64
0.561 5604.92
0.563 5567.08
0.565 5597.1
0.567 5503.89
0.569 5626.41
0.571 5508.23
0.573 5807.87
0.575 5633.64
0.577 5691.58
0.579 5539.94
0.581 5688.92
0.583 5800.07
0.585 5678.62
0.587 5666.12
0.589 5272.72
0.591 5615.48
0.593 5641.65
0.595 5635.52
0.597 5704.95
0.599 5622.75
0.601 5568.91
0.603 5674.86
0.605 5744.85
0.607 5741.84
0.609 5584.19
0.611 5595.14
0.613 5387.59
0.615 5457.17
0.617 5322.11
0.619 5548.75
0.621 5517.91
0.623 5388.92
0.625 5236.33
0.627 5450.03
0.629 5520.61
0.631 5397.14
0.633 5456.3
0.635 5423.68
0.637 5413.82
0.639 5511.88
0.641 5428.46
0.643 5472.59
0.645 5438.96
0.647 5448.01
0.649 5343.32
0.651 5473.83
0.653 5427.53
0.655 5151.37
0.657 4635.31
0.659 5342.06
0.661 5466.08
0.663 5450.58
0.665 5458.98
0.667 5366.62
0.669 5443.33
0.671 5297.48
0.673 5402.7
0.675 5333.13
0.677 5361.2
0.679 5311.42
0.681 5335.29
0.683 5375.71
0.685 5275.6
0.687 5349.1
0.689 5410.45
0.691 5392.76
0.693 5358.14
0.695 5348.41
0.697 5397.48
0.699 5379.2
0.701 5292.96
0.703 5392.99
0.705 5429.63
0.707 5321.19
0.709 5212.04
0.711 5097.9
0.713 5039.02
0.715 5044.52
0.717 5084.61
0.719 4990.22
0.721 5095.56
0.723 5162.1
0.725 5193.9
0.727 5212.62
0.729 5138.89
0.731 5250.13
0.733 5273.35
0.735 5309.93
0.737 5417.87
0.739 5329.9
0.741 5321.95
0.743 5412.61
0.745 5436.18
0.747 5486.87
0.749 5478.94
0.751 5543.48
0.753 5621.91
0.755 5659.65
0.757 5633.49
0.759 5570.43
0.761 5516.16
0.763 5438.48
0.765 5364.94
0.767 5179.74
0.769 5281.51
0.771 5211.41
0.773 5220.26
0.775 5196.31
0.777 5233.2
0.779 5307.83
0.781 5297.87
0.783 5259.41
0.785 5196.98
0.787 5276.77
0.789 5190.1
0.791 5107.69
0.793 5130.19
0.795 5090.31
0.797 5252.35
0.799 5255.88
0.801 5307.75
0.803 5316.15
0.805 5324.53
0.807 5367
0.809 5311.89
0.811 5359.32
0.813 5485.48
0.815 5528.51
0.817 5581.56
0.819 5466.6
0.821 5415.47
0.823 5468.44
0.825 5476.75
0.827 5549.96
0.829 5503.3
0.831 5330.85
0.833 5313.49
0.835 5326.25
0.837 5369.34
0.839 5225.07
0.841 5364.52
0.843 5148.13
0.845 5043.97
0.847 5050.28
0.849 5107.85
0.851 4853.09
0.853 5120.58
0.855 4591.85
0.857 5321.63
0.859 5180.47
0.861 5226.85
0.863 5457.93
0.865 5402.66
0.867 4723.33
0.869 5348.9
0.871 5576.93
0.873 5584.46
0.875 5317.12
0.877 5610.05
0.879 5739.65
0.881 5651.6
0.883 5696.43
0.885 5618.46
0.887 5300.57
0.889 5627.73
0.891 5742.66
0.893 5642.27
0.895 5676.53
0.897 5694.64
0.899 5674.75
0.901 5308.58
0.903 5585.45
0.905 5887.56
0.907 5878.66
0.909 5754.34
0.911 5849.55
0.913 5978.21
0.915 5941.56
0.917 5932.38
0.919 5989.74
0.921 5702.35
0.923 5373.53
0.925 5566.21
0.927 5666.71
0.929 5662.11
0.931 5719.28
0.933 5725.93
0.935 5715.62
0.937 5645.77
0.939 5734.4
0.941 5590.29
0.943 5764.52
0.945 5688.27
0.947 5823.29
0.949 5841.32
0.951 5739.89
0.953 5704.76
0.955 5410.42
0.957 5681.3
0.959 5862.33
0.961 5803.73
0.963 5828.61
0.965 5765.52
0.967 5759.95
0.969 5864.92
0.971 5810.16
0.973 5776.88
0.975 5754
0.977 5790.59
0.979 5725.56
0.981 5865.26
0.983 5811.31
0.985 5864.19
0.987 5833.17
0.989 5832.44
0.991 5810.72
0.993 5847.03
0.995 5857.6
0.997 5871.19
0.999 5851.59
1.003 5773.24
1.007 5678.25
1.013 5855.27
1.017 5812.04
1.022 5847.4
1.028 5882.36
1.032 5814.24
1.038 5796.63
1.043 5835.25
1.048 5780.3
1.052 5768.05
1.058 5705.09
1.063 5689.66
1.068 5616.43
1.072 5660.78
1.078 5646.23
1.082 5577.65
1.087 5570.59
1.092 5471.54
1.098 5501.61
1.102 5547.61
1.108 5512.9
1.113 5508.86
1.117 5480.08
1.122 5496.48
1.128 5430.49
1.133 5439.5
1.138 5433.26
1.143 5392.23
1.147 5475.53
1.153 5474.92
1.157 5419.84
1.162 5358.33
1.167 5365.88
1.173 5424.63
1.177 5321.56
1.183 5302.95
1.187 5229.83
1.192 5333.22
1.198 5178.43
1.203 5293.06
1.207 5250.14
1.212 5269.69
1.218 5304.61
1.223 5283.53
1.227 5257.09
1.232 5234.61
1.237 5243.15
1.243 5203.26
1.248 5203.07
1.253 5166.41
1.258 5162.71
1.262 5150.92
1.267 5113.92
1.272 5131.03
1.278 5135.16
1.283 4890.98
1.288 5071.86
1.292 5034.55
1.298 5108.89
1.302 5046.77
1.308 5090.58
1.313 5003.75
1.318 5005.29
1.323 5023.48
1.328 4954.24
1.332 4986.05
1.338 4949.5
1.343 4985.85
1.347 4954.32
1.352 4943.32
1.357 4879.62
1.363 4882.27
1.367 4905.67
1.373 4928.04
1.377 4920.76
1.382 4938.63
1.388 4908.94
1.393 4793.68
1.397 4787.18
1.402 4735.72
1.408 4786.61
1.412 4729.41
1.418 4788.05
1.423 4737.02
1.428 4676.9
1.433 4772.92
1.438 4804.33
1.442 4680.95
1.448 4793.14
1.452 4746.73
1.457 4793.01
1.462 4734.39
1.467 4731.97
1.472 4683.2
1.477 4722.29
1.483 4747.75
1.488 4713.42
1.492 4836.94
1.498 4792.15
1.503 4757.31
1.507 4749.94
1.512 4836.03
1.517 4863.02
1.522 4862.5
1.528 4909.36
1.533 4895.79
1.537 4920.63
1.543 4899.77
1.548 4923.12
1.552 4877.72
1.557 4713.79
1.562 4810.07
1.567 4774.35
1.572 4898.79
1.578 4611.52
1.583 4649.08
1.587 4598.51
1.593 4776.59
1.598 4709.55
1.605 4747.62
1.615 4804.51
1.625 4746.9
1.635 4882.78
1.645 4678.13
1.655 4852.53
1.665 4746.08
1.675 4763.45
1.685 4658.55
1.695 4757.88
1.705 4681.93
1.715 4667.96
1.725 4594.09
1.735 4453.05
1.745 4490.3
1.755 4435.46
1.765 4399.97
1.775 4316.6
1.785 4295.64
1.795 4226.47
1.805 4138.79
1.815 4079.5
1.825 4060.1
1.835 4025.81
1.845 3968.61
1.855 3952.02
1.865 3864.06
1.875 3783.97
1.885 3815.54
1.895 3700.71
1.905 3784.68
1.915 3732.83
1.925 3715.12
1.935 3633.89
1.945 3551.63
1.955 3591.16
1.965 3547.81
1.975 3481.15
1.985 3467.6
1.995 3445.31
2.005 3450.46
2.015 3423.85
2.025 3354.01
2.035 3336.14
2.045 3356.25
2.055 3316.79
2.065 3286.78
2.075 3273.87
2.085 3244.32
2.095 3206.73
2.105 3220.76
2.115 3182.4
2.125 3156.37
2.135 3162.19
2.145 3135.54
2.155 3103.31
2.165 3044.47
2.175 3036.19
2.185 3026.4
2.195 3012.42
2.205 2954.21
2.215 2972.95
2.225 2916.49
2.235 2898.55
2.245 2878.97
2.255 2864.55
2.265 2815.69
2.275 2828.12
2.285 2778.45
2.295 2396.9
2.305 2553.53
2.315 2545.04
2.325 2225.99
2.335 2389.31
2.345 2313.13
2.355 2078.32
2.365 2254.28
2.375 2176.31
2.385 1996.74
2.395 2133.87
2.405 2102.1
2.415 1941.63
2.425 2037.56
2.435 2003.3
2.445 1911.1
2.455 1901.12
2.465 1935.67
2.475 1871.76
2.485 1738.23
2.495 1745.22
2.505 1791.56
2.515 1677.17
2.525 1737.23
2.535 1741.04
2.545 1717.16
2.555 1708.48
2.565 1718.26
2.575 1745.18
2.585 1680.13
2.595 1702.31
2.605 1723.03
2.615 1690.15
2.625 1666.49
2.635 1690.35
2.645 1683.98
2.655 1669.5
2.665 1641.98
2.675 1675.61
2.685 1670.52
2.695 1629.53
2.705 1648.65
2.715 1639.5
2.725 1644.55
2.735 1608.12
2.745 1620.14
2.755 1614.72
2.765 1600.71
2.775 1576.83
2.785 1590.25
2.795 1593.6
2.805 1579.64
2.815 1558.07
2.825 1560.19
2.835 1559.89
2.845 1547.01
2.855 1535.89
2.865 1528.98
2.875 1514.35
2.885 1511.6
2.895 1505.3
2.905 1497.86
2.915 1492.28
2.925 1468.6
2.935 1476.81
2.945 1460.49
2.955 1454.39
2.965 1452.86
2.975 1443.02
2.985 1431.29
2.995 1423.6
3.005 1414.19
3.015 1414.35
3.025 1400.58
3.035 1384.31
3.045 1390.53
3.055 1381.99
3.065 1376.89
3.075 1373.02
3.085 1359.78
3.095 1359.14
3.105 1358.1
3.115 1340.46
3.125 1342.12
3.135 1334.86
3.145 1329.05
3.155 1322.99
3.165 1312.08
3.175 1310.66
3.185 1304.78
3.195 1301.74
3.21 1290.98
3.23 1278.34
3.25 1267.02
3.27 1252.1
3.29 4429.72
3.31 4438.64
3.33 1214.33
3.35 1205.03
3.37 1190.44
3.39 1178.05
3.41 1163.99
3.43 1155.49
3.45 1145.14
3.47 1132.07
3.49 1120.89
3.51 1110.77
3.53 1096.21
3.55 1087.19
3.57 1074.99
3.59 1063.23
3.61 1056.51
3.63 1045.04
3.65 1032.05
3.67 1021.75
3.69 1007.03
3.71 996.131
3.73 990.009
3.75 973.571
3.77 972.162
3.79 961.75
3.81 956.241
3.83 949.924
3.85 942.557
3.87 930.154
3.89 923.451
3.91 915.679
3.93 909.917
3.95 896.654
3.97 891.36
3.99 878.981
4.01 876.361
4.03 872.942
4.05 863.087
4.07 861.448
4.09 856.54
4.11 853.035
4.13 848.703
4.15 842.031
4.17 835.259
4.19 832.938
4.21 826.234
4.23 826.068
4.25 819.451
4.27 817.376
4.29 787.773
4.31 757.862
4.33 766.609
4.35 742.297
4.37 731.984
4.39 728.441
4.41 712.312
4.43 715.277
4.45 714.741
4.47 705.536
4.49 715.742
4.51 712.12
4.53 708.161
4.55 717.335
4.57 721.041
4.59 713.662
4.61 725.96
4.63 726.035
4.65 728.046
4.67 737.103
4.69 739.407
4.71 740.285
4.73 751.427
4.75 751.165
4.77 756.341
4.79 761.538
4.81 758.619
4.83 767.898
4.85 766.096
4.87 764.843
4.89 766.508
4.91 768.16
4.93 769.8
4.95 769.037
4.97 774.848
4.99 774.348
5.01 777.452
5.03 779.338
5.05 778.165
5.07 782.473
5.09 784.328
5.11 784.942
5.13 788.327
5.15 790.154
5.17 796.035
5.19 796.919
5.21 799.99
5.23 800.535
5.25 804.862
5.27 811.111
5.29 809.719
5.31 811.495
5.33 816.807
5.35 819.545
5.37 823.259
5.39 826.654
5.41 830.37
5.43 831.474
5.45 837.828
5.47 839.251
5.49 844.307
5.51 846.722
5.53 855.806
5.55 854.206
5.57 861.657
5.59 863.739
5.61 869.539
5.63 870.938
5.65 877.451
5.67 881.237
5.69 882.974
5.71 890.218
5.73 894.373
5.75 898.88
5.77 903.403
5.79 910.379
5.81 914.227
5.83 919.84
5.85 925.119
5.87 928.986
5.89 934.643
5.91 939.601
5.93 946.363
5.95 950.994
5.97 957.797
5.99 963.539
6.01 968.932
6.03 974.707
6.05 979.404
6.07 985.574
6.09 991.397
6.11 8776.53
6.13 8808.99
6.15 8841.42
6.17 8877.64
6.19 8906.42
6.21 8942.71
6.23 8971.51
6.25 9004.06
6.27 9036.7
6.29 4054.02
6.31 1066.09
6.33 1074.82
6.35 1082.05
6.37 1091.23
6.39 1098.13
6.42 1111.04
6.46 1126.94
6.5 1143.73
6.54 1160.65
6.58 1178.48
6.62 1195.64
6.66 1213.33
6.7 1230.73
6.74 1248.25
6.78 1266.72
6.82 1284.9
6.86 1303.63
6.9 1324.15
6.94 1344.82
6.98 1366.06
7.02 1387.04
7.06 1409.01
7.1 1431.15
7.14 1453.01
7.18 1475.03
7.22 1497.2
7.26 1519.98
7.3 1542.9
7.34 1566.43
7.38 3276.09
7.42 5580.13
7.46 7926.4
7.5 10306.6
7.54 10575.6
7.58 10549.2
7.62 10517.5
7.66 10489.4
7.7 10465.1
7.74 10444.7
7.78 10428.2
7.82 10410.9
7.86 10393
7.9 10369.5
7.94 10350
7.98 10329.9
8.02 10309
8.06 6071.17
8.1 755.446
8.14 718.366
8.18 681.378
8.22 645.981
8.26 617.192
8.3 588.595
8.34 559.694
8.38 530.488
8.42 3431.58
8.46 3425.9
8.5 3420.03
8.54 3413.42
8.58 3407.13
8.62 3404.78
8.66 3403.32
8.7 3402.22
8.74 3400.45
8.78 3399.04
8.82 339.693
8.86 328.764
8.9 317.776
8.94 306.676
8.98 295.572
9.02 288.771
9.06 281.952
9.1 275.061
9.14 268.155
9.18 261.288
9.22 254.518
9.26 247.567
9.3 240.716
9.34 233.853
9.38 227.205
9.42 220.265
9.46 216.171
9.5 214.847
9.54 213.504
9.58 212.201
9.62 210.937
9.66 209.772
9.7 208.59
9.74 206.803
9.78 204.993
9.82 203.162
9.86 207.265
9.9 211.813
9.94 216.332
9.98 220.88
10 223.195
11 384.12
12 2381.88
13 968.227
14 1079.07
15 1151.62
16 1216.79
17 1279.49
18 1570.04
19 1415.1
20 1501.66
21 5941.66
22 1687.71
23 2914.77
24 1868.68
25 1969.19
26 2074.66
27 2185.44
28 2301.9
30 2549.68
32 2810.51
34 3090.91
36 3401.03
38 3743.76
40 4158.28
42 4609.71
44 5108.31
46 5654.5
48 6254.06
50 6895.2
52 7591.9
54 8320.97
56 9095.97
58 9907.85
60 10680.8
62 11403.8
64 12150.5
66 12865.1
68 13571.2
70 14300.2
80 17589.8
90 19739.7
100 20706.7
110 21056.5
120 20788.9
130 19466.6
140 18021.1
150 16572
159.9 15144.9
300 3405
377.7 1559.17
475.5 668.948
598.6 262.943
753.6 101.512
800 77.0764
948.7 37.2259
1194 14.2587
1200 13.9752
1503 5.20217
1893 2.02049
2383 0.803066
3000 0.357897
3777 0.1882
4754 0.118168
5986 0.0876117
7536 0.0710583
9487 0.0609162
