0.10179 1759.08
0.1038 2181.94
0.10581 1683.74
0.10785 1603.19
0.10986 1489.19
0.11187 1582.37
0.11388 1580.96
0.11589 1639.23
0.11793 2015.61
0.11994 3110.27
0.12195 7383.32
0.12396 4040.41
0.12597 2689.38
0.12801 2221.81
0.13002 2246.11
0.132652 2105.23
0.134573 2117.39
0.136438 2062.18
0.138302 2186.15
0.140166 2531.13
0.142087 2157.09
0.143952 2041.61
0.145816 2026.29
0.14768 2031.31
0.149545 2113.55
0.151465 2233.46
0.15333 2744.81
0.155194 3664.75
0.157059 2405.06
0.158979 2126.63
0.160844 2100.16
0.162708 2098.77
0.164573 2091.66
0.166437 2073.07
0.168358 1936.08
0.170222 1898.71
0.172086 1931.94
0.173951 1941.31
0.175872 1920.7
0.177736 1892.68
0.1796 1888.89
0.181465 1885.26
0.183386 1881.49
0.18525 1968
0.187114 2002.98
0.188979 2211.41
0.190843 2515.69
0.192764 2084.24
0.194628 1888.53
0.196493 1799.94
0.198357 1769.75
0.200278 1786.69
0.202142 1750.37
0.204007 1747.7
0.205871 1777.14
0.207735 1808.13
0.209656 1768.88
0.211521 1731.13
0.213385 1701.47
0.215249 1681.32
0.21717 1689.92
0.219035 1668.12
0.220899 1661.16
0.222763 1687.97
0.224684 1655.79
0.226549 1680.62
0.228413 1716.95
0.230277 1760.98
0.232142 1815.26
0.234062 1795.53
0.235927 1782.37
0.237791 1773.34
0.239656 1785.43
0.241576 1825.37
0.243441 1845.49
0.245305 1818.38
0.24717 1842.49
0.249034 1833.16
0.250955 1828.29
0.252819 1823.42
0.254683 1808.96
0.256548 1789.03
0.258469 1784.8
0.260333 1785.62
0.262197 1779.96
0.264062 1734.3
0.265983 1705.92
0.267847 1726
0.269711 1762.26
0.271576 1815.68
0.27344 1895.52
0.275361 1993.5
0.277225 2116.89
0.27909 2588.48
0.280954 2473.5
0.282875 2135.41
0.284739 1998.84
0.286604 1908.32
0.288468 1851.94
0.290332 1812.53
0.292253 1830.89
0.294118 1876.61
0.295982 1875.62
0.297846 1864.08
0.299767 1814.98
0.301632 1755.67
0.303496 1766.01
0.30536 1769.1
0.307281 1808.01
0.309146 1811.37
0.31101 1867.54
0.312874 1928.55
0.314739 1904.48
0.316659 1934.24
0.318524 1992.65
0.320388 1977.7
0.322253 1954.88
0.324173 1931.59
0.326038 1946.66
0.327902 1945.18
0.329767 1925.21
0.331631 1890.95
0.333552 1903.22
0.335416 1891.1
0.33728 1879.55
0.339145 1884.53
0.341066 1916.11
0.34293 2000.19
0.344794 1895.38
0.346659 1893.09
0.34858 1904.69
0.350444 1885.64
0.352308 1843.84
0.354173 1815.42
0.356037 1816.63
0.357958 1838.64
0.359822 1847.75
0.361687 1834.81
0.363551 1849.09
0.365472 1847.08
0.367336 1828.26
0.369201 1831.31
0.371065 1853.24
0.372929 2206.21
0.37485 1851.41
0.376715 1859.76
0.378579 1837.76
0.380443 1804.62
0.382364 1840.55
0.384229 1859.8
0.386093 1995.58
0.387957 1978.7
0.389878 1917.67
0.391743 1911.89
0.393607 1870.96
0.395471 1954.41
0.397336 2017.63
0.399256 1940.45
0.401121 1940.6
0.402985 1961.3
0.40485 1982.36
0.40677 2074.34
0.408635 2113.07
0.410499 2226.42
0.412364 2144.46
0.414228 2113.66
0.416149 2129.16
0.418013 2187.45
0.419877 2170.05
0.421742 2217.68
0.423663 2332.65
0.425527 2373.1
0.427391 2424.64
0.429256 2535.73
0.431177 2669.96
0.433041 2940.8
0.434905 3108.41
0.43677 3003.75
0.438634 2747.42
0.440555 2701.25
0.442419 2693.54
0.444284 2669.18
0.446148 2748.16
0.448069 2867.14
0.449933 2956.98
0.451798 3077.56
0.453662 3106.01
0.455583 3177.66
0.457447 3219.17
0.459312 3219.9
0.461176 3212.36
0.46304 3307.09
0.464961 3222.7
0.466826 3261.54
0.46869 3397.81
0.470554 3234.48
0.472475 3304.56
0.47434 3301.67
0.476204 3395.74
0.478068 3593.79
0.479933 3839.57
0.481853 4223.59
0.483718 4852.42
0.485582 6318.68
0.487447 5937.79
0.489367 5095.39
0.491232 4744.96
0.493096 4624.62
0.49496 5087.79
0.496881 5146.1
0.498746 4932.91
0.50061 16045.7
0.502474 5136.24
0.504339 4525.67
0.50626 4339.47
0.508124 4232.67
0.509988 4336.23
0.511853 4471.81
0.513774 4673.22
0.515638 4844.28
0.517502 4991.69
0.519367 5165.44
0.521231 5114.21
0.523152 5246.95
0.525016 5270.06
0.526881 5526.14
0.528745 5690.41
0.530666 5678.29
0.53253 5630.23
0.534395 5439.5
0.536259 5450.8
0.53818 5345.52
0.540044 5314.23
0.541909 5426.13
0.543773 5414.25
0.545637 5385.03
0.547558 5447.86
0.549423 5486.5
0.551287 5530.18
0.553151 5656.8
0.555072 5638.92
0.556937 5653.8
0.558801 5646.8
0.560665 5626.72
0.56253 5633.79
0.56445 5672.84
0.566315 5698.66
0.568179 5780.94
0.570044 5738.4
0.571964 5788.68
0.573829 5732.49
0.575693 5893.25
0.577558 6118.36
0.579478 6551.35
0.581343 6513.54
0.583207 6294.9
0.585071 6460.12
0.586936 6722.71
0.588857 6624.94
0.590721 6516.72
0.592585 6355.89
0.59445 6441.7
0.596371 6519.95
0.598235 6416.01
0.600099 6441.16
0.601964 6466.54
0.603828 6492.12
0.605749 6518.71
0.607613 6544.6
0.609478 6570.72
0.611342 6597.11
0.613263 6624.41
0.615127 6651.12
0.616992 6678.07
0.618856 6705.12
0.620777 6733.26
0.622641 6760.7
0.624506 6788.38
0.62637 6816.28
0.628234 6844.36
0.630155 6873.42
0.63202 6901.91
0.633884 6930.57
0.635748 6959.47
0.637669 6989.36
0.639533 7018.62
0.641398 7048.19
0.643262 7077.81
0.645127 7107.82
0.647047 7138.74
0.648912 7169.11
0.650776 7199.6
0.652641 7230.41
0.654561 7262.22
0.656426 7293.42
0.65829 7324.73
0.660154 7356.36
0.662075 7389.15
0.66394 7421.26
0.665804 7453.41
0.667668 7485.96
0.669533 7518.59
0.671454 7552.58
0.673318 7585.67
0.675182 7619.02
0.677047 7652.73
0.678968 7687.48
0.680832 7721.59
0.682696 7755.84
0.684561 7790.37
0.686425 7825.18
0.688346 7861.19
0.69021 7896.42
0.692075 7931.94
0.693939 7967.6
0.69586 8004.62
0.697724 8040.85
0.699589 8077.24
0.701453 8113.99
0.703374 8152.03
0.705238 8189.08
0.707103 8226.65
0.708967 8264.22
0.710831 8302.08
0.712752 8341.48
0.714617 8379.96
0.716481 8418.65
0.718345 8457.51
0.720266 8497.99
0.72213 8537.45
0.723995 8577.24
0.725859 8617.11
0.727724 8657.44
0.729644 8699.18
0.731509 8740
0.733373 8781.04
0.735238 8822.34
0.737158 8865.28
0.739023 8907.15
0.740887 8949.32
0.742751 8991.74
0.744672 9035.78
0.746537 9078.86
0.748401 9122.04
0.750265 9165.61
0.75213 9209.53
0.754051 9255
0.755915 9299.49
0.757779 9344.17
0.759644 9389.28
0.761565 9435.94
0.763429 9481.56
0.765293 9527.44
0.767158 9573.67
0.769022 9620.16
0.770943 9668.4
0.772807 9715.5
0.774672 9763.04
0.776536 9810.76
0.778457 9860.25
0.780321 9908.59
0.782186 9957.31
0.78405 10006.4
0.785971 10057.1
0.787835 10106.8
0.7897 10156.8
0.791564 10207.1
0.793428 10257.8
0.795349 10310.3
0.797213 10361.5
0.799078 10413.2
0.8 10438.8
0.816798 10920.7
0.833948 11380.1
0.851459 11872.1
0.869337 12399.4
0.88759 12965.4
0.906227 13573.3
0.925255 14227
0.944683 14931.1
0.964519 15689.9
0.984771 16509.1
1.00545 17394.3
1.02656 18351.9
1.04811 19528.2
1.07012 21145.1
1.09259 22976.7
1.11553 25055.6
1.13896 27421.6
1.16287 30118.4
1.18729 33202.9
1.21222 36737.9
1.23767 40800.7
1.26366 43894.1
1.29019 45833.6
1.31728 47967.2
1.34494 50314.7
1.37318 52897.9
1.40201 55741.7
1.43145 58206.8
1.46151 60823.8
1.4922 63612
1.52353 66584.5
1.55552 69757.1
1.58818 73145.2
1.62153 76768.1
1.65557 80252.8
1.69033 81863.9
1.72583 83533.6
1.76206 85263.1
1.79906 87056.2
1.83684 88915.2
1.87541 90843.4
1.91478 92842.5
1.95499 94968.7
1.99604 97246.5
2.03795 99627
2.08074 102116
2.12443 104718
2.16904 107442
2.21458 110291
2.26108 113274
2.30856 116398
2.35703 119670
2.40652 123099
2.45705 126693
2.50864 130463
2.56132 134419
2.6151 138572
2.67001 142932
2.72607 146922
2.78331 148450
2.84175 149995
2.90142 151555
2.96234 153131
3.02454 154724
3.08805 156334
3.15289 157960
3.21909 159603
3.28668 161263
3.35569 162941
3.42615 164636
3.49809 166349
3.57154 168079
3.64653 169827
3.7231 170889
3.80127 171957
3.88109 173036
3.96258 174122
4.04578 175218
4.13073 176324
4.21747 177439
4.30602 178565
4.39644 179702
4.48875 180849
4.583 181883
4.67923 182790
4.77748 183684
4.87779 184562
4.98021 185429
5.08478 186282
5.19155 187121
5.30056 187947
5.41185 188757
5.52549 189555
5.64151 190339
5.75996 191110
5.88091 191867
6.00439 192610
6.13046 193339
6.25918 194054
6.39061 194756
6.52479 195442
6.66179 196116
6.80167 196776
6.94449 197422
7.0903 198054
7.23918 198672
7.39118 199277
7.54638 199891
7.70483 200568
7.86661 201237
8.03178 201904
8.20043 202563
8.37261 203217
8.54841 203867
8.72791 204511
8.91117 205149
9.09828 205784
9.28931 206411
9.48436 207035
9.68351 207653
9.88683 208267
10.0944 208876
10.3064 209479
10.5228 210078
10.7437 210671
10.9693 211261
11.1996 211845
11.4348 212423
11.6749 212999
11.92 213569
12.1703 214135
12.4259 214696
12.6868 215252
12.9532 215804
13.2252 216280
13.5028 216702
13.7864 217112
14.0758 217508
14.3714 217889
14.6731 218259
14.9812 218616
15.2958 218959
15.617 219288
15.9449 219604
16.2797 219908
16.6215 220197
16.9705 220474
17.3268 220737
17.6907 220985
18.0621 221221
18.4414 221444
18.8286 221652
19.2239 221850
19.6276 222033
20.0397 222202
20.4605 222359
20.8901 222503
21.3287 222633
21.7766 222748
22.2338 222854
22.7006 222944
23.1773 223022
23.6639 222890
24.1608 222113
24.6681 221270
25.1861 220363
25.7149 219392
26.2549 218358
26.8061 217263
27.369 216107
27.9437 214890
28.5304 213615
29.1295 212283
29.7411 210894
30.3656 209450
31.0032 207952
31.6541 206402
32.3188 204801
32.9974 203150
33.6902 201452
34.3976 199705
35.1199 197914
35.8573 196078
36.6102 194201
37.3789 192282
38.1638 190326
38.9651 188330
39.7832 186300
40.6186 184234
41.4714 182136
42.3422 180008
43.2313 177849
44.139 175664
45.0658 173452
46.0121 171308
46.9782 169360
47.9646 167400
48.9717 165431
50.3691 162752
51.6078 160427
52.877 158093
54.1775 155751
55.5099 153404
56.875 151051
58.2738 148696
59.7069 146339
61.1753 143980
62.6798 141623
64.2213 139266
65.8007 136913
67.419 134564
69.077 132220
70.7759 129882
72.5165 127551
74.2999 125230
76.1272 122684
77.9994 120054
79.9177 117419
81.8831 114785
83.8969 112152
85.9602 109524
88.0742 106904
90.2403 104293
92.4596 101694
94.7334 99109.1
97.0633 96541.5
99.4503 93992.3
101.896 91464.1
104.402 88958.3
106.97 86477
109.6 84023.5
112.296 81597
115.058 79199.9
117.887 76835.3
120.787 74502.6
123.757 72204.9
126.801 69941.7
129.919 67715.6
133.114 65526.6
136.388 63376.5
139.742 61265.8
143.179 58970.4
146.7 56434.3
150.308 53944.5
154.005 51505.1
157.792 49120
161.673 46790.9
165.649 44521.3
169.723 42312.8
173.897 40167.8
178.173 38087.7
182.555 36073.6
187.045 34126.5
191.645 32247.7
196.358 30437.1
201.187 28695.1
206.135 27021.6
211.205 25416.4
216.399 23879
221.721 22408.9
227.174 21024.1
232.76 19711.3
238.485 18461.5
244.35 17273.2
250.359 16145
256.516 15075
262.825 14061.5
269.289 13102.7
275.912 12196.8
282.697 11342.1
289.65 10536.3
296.773 9777.84
300 9454.89
800 375.146
1200 98.8218
1272 81.5824
1447 53.3843
1646 32.0139
1873 19.8313
2131 12.8326
2425 8.768
2759 6.35853
3139 4.89106
3572 3.96042
4064 3.34264
4624 2.90741
5261 2.58392
5986 2.33052
6046 2.23875
