0.10179 12251.5
0.1038 15020.2
0.10581 11590.6
0.10785 11036.2
0.10986 10251.4
0.11187 10892.8
0.11388 10883.2
0.11589 11284.2
0.11793 13875.2
0.11994 21410.7
0.12195 40845.2
0.12396 22352
0.12597 14877.9
0.12801 12291.2
0.13002 12425.6
0.132652 11646.3
0.134573 11713.6
0.136438 11408.1
0.138302 12093.9
0.140166 14002.5
0.142087 11933.2
0.143952 11294.4
0.145816 11209.6
0.14768 11237.4
0.149545 11692.3
0.151465 12355.6
0.15333 15184.4
0.155194 20273.5
0.157059 13304.8
0.158979 11764.5
0.160844 11617.9
0.162708 11610.2
0.164573 11570.7
0.166437 11467.8
0.168358 10709.9
0.170222 10503
0.172086 10686.7
0.173951 10738.4
0.175872 10624.1
0.177736 10468.7
0.1796 10447.3
0.181465 10426.7
0.183386 10405.4
0.18525 10883.5
0.187114 11076.4
0.188979 12228.8
0.190843 13911
0.192764 11524.7
0.194628 10441.9
0.196493 9951.41
0.198357 9783.82
0.200278 9876.71
0.202142 9675.04
0.204007 9659.24
0.205871 9820.81
0.207735 9990.74
0.209656 9772.42
0.211521 9562.25
0.213385 9396.41
0.215249 9282.85
0.21717 9327.65
0.219035 9204.4
0.220899 9162.63
0.222763 9306.15
0.224684 9122.84
0.226549 9252.69
0.228413 9444.38
0.230277 9676.47
0.232142 9962.37
0.234062 9842.07
0.235927 9763.74
0.237791 9707.77
0.239656 9766.94
0.241576 9977.52
0.243441 10079.2
0.245305 9921.68
0.24717 10041.8
0.249034 9978.82
0.250955 9938.7
0.252819 9898.04
0.254683 9804.35
0.256548 9677.86
0.258469 9633.68
0.260333 9615.56
0.262197 9560.54
0.264062 9289.17
0.265983 9108.27
0.267847 9188.65
0.269711 9353.85
0.271576 9606.68
0.27344 9994.72
0.275361 10471.4
0.277225 11075.4
0.27909 13507.6
0.280954 12882.4
0.282875 11098.5
0.284739 10367.1
0.286604 9876.43
0.288468 9563.44
0.290332 9315.1
0.292253 9349.32
0.294118 9518.45
0.295982 9444.49
0.297846 9313.02
0.299767 8988.96
0.301632 8617.45
0.303496 8584.81
0.30536 8510.93
0.307281 8598.46
0.309146 8511.5
0.31101 8686.82
0.312874 8941.5
0.314739 8800.79
0.316659 8907.43
0.318524 9145.08
0.320388 9044.94
0.322253 8909.04
0.324173 8770.34
0.326038 8806.48
0.327902 8767.15
0.329767 8644.41
0.331631 8458.02
0.333552 8478.69
0.335416 8391.3
0.33728 8306.46
0.339145 8294.37
0.341066 8397.18
0.34293 8728.6
0.344794 8235.68
0.346659 8189.78
0.34858 8202.26
0.350444 8083.66
0.352308 7868.24
0.354173 7710.95
0.356037 7679.61
0.357958 7734.22
0.359822 7734.7
0.361687 7642.48
0.363551 7663.26
0.365472 7614.72
0.367336 7498.06
0.369201 7471.08
0.371065 7508.05
0.372929 8848.52
0.37485 7346.76
0.376715 7301.75
0.378579 7137.05
0.380443 6930.26
0.382364 6984.95
0.384229 6975.14
0.386093 7394.38
0.387957 7241.37
0.389878 6926.65
0.391743 6816.25
0.393607 6581.86
0.395471 6782.05
0.397336 6904.07
0.399256 6542.69
0.401121 6447.94
0.402985 6419.79
0.40485 6389.99
0.40677 6579.46
0.408635 6595.86
0.410499 6837.03
0.412364 6476.34
0.414228 6275.55
0.416149 6209.4
0.418013 6267.35
0.419877 6106.19
0.421742 6126.35
0.423663 6320.54
0.425527 6309.08
0.427391 6364.54
0.429256 6570.92
0.431177 6826.44
0.433041 7420.46
0.434905 7739.57
0.43677 7378.79
0.438634 6657.81
0.440555 6453.69
0.442419 6346.32
0.444284 6201.05
0.446148 6294.48
0.448069 6470.56
0.449933 6577.26
0.451798 6745.89
0.453662 6708.35
0.455583 6758.3
0.457447 6744.19
0.459312 6643.81
0.461176 6527.3
0.46304 6616.52
0.464961 6344.67
0.466826 6320.64
0.46869 6480.86
0.470554 6071.18
0.472475 6100.22
0.47434 5996.27
0.476204 6066.6
0.478068 6314.94
0.479933 6635.07
0.481853 7173.3
0.483718 8102.71
0.485582 10372.5
0.487447 9580.87
0.489367 8076.17
0.491232 7390.63
0.493096 7077.75
0.49496 7650.1
0.496881 7597.11
0.498746 7152.92
0.50061 22850.9
0.502474 7183.02
0.504339 6214.52
0.50626 5847.05
0.508124 5598.66
0.509988 5629.96
0.511853 5698.36
0.513774 5840.69
0.515638 5941.03
0.517502 6006.49
0.519367 6097.78
0.521231 5922.38
0.523152 5956.35
0.525016 5867.53
0.526881 6033.68
0.528745 6092.36
0.530666 6027.68
0.53253 5942.56
0.534395 5708.41
0.536259 5687.62
0.53818 5544.81
0.540044 5480.74
0.541909 5564
0.543773 5519.89
0.545637 5458.5
0.547558 5489.38
0.549423 5496.37
0.551287 5508.1
0.553151 5601.59
0.555072 5550.57
0.556937 5532.85
0.558801 5493.94
0.560665 5442.57
0.56253 5417.64
0.56445 5422.44
0.566315 5415.27
0.568179 5461.4
0.570044 5389.41
0.571964 5403.81
0.573829 5319.97
0.575693 5437.05
0.577558 5611.55
0.579478 5972.22
0.581343 5902.72
0.583207 5670.91
0.585071 5785.36
0.586936 5984.93
0.588857 5861.87
0.590721 5731.95
0.592585 5557.27
0.59445 5598.85
0.596371 5632.11
0.598235 5509.28
0.600099 5429.37
0.601964 5381.16
0.603828 5467.5
0.605749 5486.43
0.607613 5642.95
0.609478 5572.06
0.611342 5563.54
0.613263 5496.01
0.615127 5516
0.616992 5500.93
0.618856 5435.67
0.620777 5353.13
0.622641 5250.42
0.624506 5409.66
0.62637 5327.25
0.628234 5476
0.630155 6270.11
0.63202 5597.92
0.633884 5598.93
0.635748 5989.39
0.637669 5926.65
0.639533 5960.98
0.641398 6037.7
0.643262 6391.61
0.645127 6766.16
0.647047 7227.13
0.648912 8470.44
0.650776 10028.3
0.652641 13131.8
0.654561 20716.8
0.656426 35174.8
0.65829 22910.8
0.660154 14022.2
0.662075 10845.6
0.66394 9167.88
0.665804 8106.16
0.667668 7297.54
0.669533 6647.64
0.671454 7375.39
0.673318 7907.24
0.675182 6343.11
0.677047 6038.79
0.678968 5963.09
0.680832 6173.78
0.682696 6382.57
0.684561 6345.33
0.686425 6239.01
0.688346 6251.41
0.69021 6439.71
0.692075 6578.26
0.693939 6643.64
0.69586 6632.47
0.697724 6713.91
0.699589 6679.26
0.701453 6645.68
0.703374 6612.36
0.705238 6581.16
0.707103 6551.05
0.708967 6522.02
0.710831 6494.09
0.712752 6466.3
0.714617 6440.36
0.716481 6415.31
0.718345 6391.21
0.720266 6367.3
0.72213 6344.94
0.723995 6323.46
0.725859 6302.72
0.727724 6282.75
0.729644 6262.97
0.731509 6244.53
0.733373 6226.76
0.735238 6209.65
0.737158 6192.73
0.739023 6176.96
0.740887 6161.79
0.742751 6147.19
0.744672 6132.72
0.746537 6119.29
0.748401 6106.33
0.750265 6093.91
0.75213 6082.01
0.754051 6070.22
0.755915 6059.22
0.757779 6048.68
0.759644 6038.58
0.761565 6028.58
0.763429 6019.29
0.765293 6010.35
0.767158 6001.79
0.769022 5993.57
0.770943 5985.48
0.772807 5977.88
0.774672 5970.63
0.776536 5963.69
0.778457 5956.77
0.780321 5950.38
0.782186 5944.19
0.78405 5938.26
0.785971 5932.41
0.787835 5926.91
0.7897 5921.68
0.791564 5916.55
0.793428 5911.65
0.795349 5906.76
0.797213 5902.2
0.799078 5897.81
0.8 5895.67
0.816798 5861.08
0.833948 5829.49
0.851459 5794.38
0.869337 5749.46
0.88759 5688.58
0.906227 5606.05
0.925255 5502.36
0.944683 5398.32
0.964519 5294.01
0.984771 5189.53
1.00545 5084.95
1.02656 4980.38
1.04811 4875.87
1.07012 4771.58
1.09259 4740.49
1.11553 4770.18
1.13896 4810
1.16287 4860.09
1.18729 4920.85
1.21222 4992.64
1.23767 5075.9
1.26366 5171.19
1.29019 5279.11
1.31728 5400.4
1.34494 5535.87
1.37318 5686.42
1.40201 5853.1
1.43145 6037.08
1.46151 6213.2
1.4922 6329.7
1.52353 6448.23
1.55552 6568.84
1.58818 6691.56
1.62153 6816.44
1.65557 6943.48
1.69033 7072.75
1.72583 7204.3
1.76206 7338.1
1.79906 7474.25
1.83684 7612.78
1.87541 7753.71
1.91478 7897.03
1.95499 8042.89
1.99604 8198.02
2.03795 8360.87
2.08074 8528.16
2.12443 8700.09
2.16904 8876.8
2.21458 9058.34
2.26108 9245.01
2.30856 9436.89
2.35703 9634.12
2.40652 9836.92
2.45705 10045.5
2.50864 10259.9
2.56132 10480.5
2.6151 10707.3
2.67001 10940.7
2.72607 11123.9
2.78331 11270.7
2.84175 11409.5
2.90142 11540
2.96234 11662
3.02454 11775
3.08805 11878.8
3.15289 11973.2
3.21909 12057.8
3.28668 12132.6
3.35569 12197.3
3.42615 12251.7
3.49809 12295.7
3.57154 12329.2
3.64653 12352
3.7231 12364.3
3.80127 12415.2
3.88109 12476.9
3.96258 12535.9
4.04578 12591.9
4.13073 12645.2
4.21747 12695.5
4.30602 12742.8
4.39644 12787.3
4.48875 12828.6
4.583 12867
4.67923 12902.3
4.77748 12934.5
4.87779 12963.6
4.98021 12989.5
5.08478 13012.3
5.19155 13031.9
5.30056 13048.3
5.41185 13061.5
5.52549 13071.5
5.64151 13078.3
5.75996 13081.8
5.88091 13082.2
6.00439 13079.3
6.13046 13073.1
6.25918 13063.8
6.39061 13051.2
6.52479 13035.5
6.66179 13016.5
6.80167 12994.5
6.94449 12969.2
7.0903 12940.7
7.23918 12909.2
7.39118 12874.5
7.54638 12836.8
7.70483 12796
7.86661 12752.2
8.03178 12705.5
8.20043 12655.8
8.37261 12603.1
8.54841 12547.6
8.72791 12489.3
8.91117 12428.1
9.09828 12364.2
9.28931 12297.7
9.48436 12228.4
9.68351 12174.5
9.88683 12205.4
10.0944 12237.8
10.3064 12271.8
10.5228 12307.5
10.7437 12344.6
10.9693 12383.5
11.1996 12423.9
11.4348 12466.2
11.6749 12510.1
11.92 12555.6
12.1703 12602.8
12.4259 12651.8
12.6868 12702.7
12.9532 12755
13.2252 12809.3
13.5028 12865.4
13.7864 12923.3
14.0758 12983
14.3714 13044.8
14.6731 13108.3
14.9812 13173.8
15.2958 13241.2
15.617 13310.7
15.9449 13382.2
16.2797 13455.6
16.6215 13531.1
16.9705 13608.7
17.3268 13688.5
17.6907 13770.4
18.0621 13854.4
18.4414 13940.8
18.8286 14029.4
19.2239 14120.2
19.6276 14213.5
20.0397 14308.9
20.4605 14407
20.8901 14507.4
21.3287 14610.3
21.7766 14715.8
22.2338 14823.7
22.7006 14908.3
23.1773 14903.7
23.6639 14895.3
24.1608 14883.2
24.6681 14867.4
25.1861 14848
25.7149 14824.8
26.2549 14798.1
26.8061 14767.7
27.369 14733.7
27.9437 14696.1
28.5304 14655
29.1295 14610.3
29.7411 14562.2
30.3656 14510.6
31.0032 14455.6
31.6541 14397.2
32.3188 14335.6
32.9974 14270.6
33.6902 14202.3
34.3976 14130.9
35.1199 14056.4
35.8573 13978.8
36.6102 13898.1
37.3789 13814.4
38.1638 13727.9
38.9651 13638.5
39.7832 13546.3
40.6186 13451.4
41.4714 13353.8
42.3422 13253.7
43.2313 13151
44.139 13045.9
45.0658 12938.3
46.0121 12828.5
46.9782 12716.5
47.9646 12602.3
48.9717 12486.1
50.3691 12367.8
51.6078 12255.5
52.877 12133.9
54.1775 12003.4
55.5099 11864.3
56.875 11717
58.2738 11561.7
59.7069 11398.9
61.1753 11229
62.6798 11052.3
64.2213 10869.1
65.8007 10680
67.419 10515.8
69.077 10358.1
70.7759 10200.2
72.5165 10042.4
74.2999 9884.49
76.1272 9726.7
77.9994 9569.12
79.9177 9411.75
81.8831 9254.67
83.8969 9098.03
85.9602 8941.84
88.0742 8786.19
90.2403 8631.11
92.4596 8474.64
94.7334 8306.06
97.0633 8136.87
99.4503 7967.28
101.896 7797.44
104.402 7627.51
106.97 7457.63
109.6 7288.06
112.296 7118.81
115.058 6950.15
117.887 6782.23
120.787 6615.08
123.757 6448.99
126.801 6283.98
129.919 6120.25
133.114 5918.58
136.388 5715.03
139.742 5510.91
143.179 5306.74
146.7 5103.16
150.308 4900.63
154.005 4699.63
157.792 4500.75
161.673 4304.3
165.649 4110.84
169.723 3920.64
173.897 3734.09
178.173 3551.56
182.555 3373.29
187.045 3200.51
191.645 3034.68
196.358 2873.86
201.187 2718.16
206.135 2567.68
211.205 2422.5
216.399 2282.71
221.721 2148.29
227.174 2019.27
232.76 1895.64
238.485 1777.35
244.35 1657.87
250.359 1540.44
256.516 1428.11
262.825 1320.97
269.289 1219.12
275.912 1122.59
282.697 1031.39
289.65 945.447
296.773 864.722
300 830.439
800 27.8199
1200 6.83324
1272 5.58474
1447 3.57408
1646 2.14332
1873 1.32771
2131 0.859142
2425 0.587017
2759 0.425703
3139 0.327457
3572 0.265149
4064 0.223788
4624 0.19465
5261 0.172992
5986 0.156028
6046 0.149883
